2026-10-01, 16:50:35, 88001628, 90220594, 5425.35, 80, -47.48, -47.23, -47.66, -47.36, -48.46, -47.55, -47.28, -48.23, -47.17, -46.96, -47.98, -47.58, -48.21, -46.11, -46.91, -47.36, -46.32, -46.54, -45.88, -46.40, -45.99, -47.02, -46.64, -45.80, -47.74, -46.26, -47.06, -46.74, -47.02, -45.77, -46.99, -45.24, -45.67, -45.01, -45.53, -44.72, -44.24, -44.47, -43.18, -39.13, -41.77, -42.98, -44.50, -45.45, -45.88, -46.58, -45.95, -45.55, -45.99, -45.84, -45.80, -46.28, -46.33, -46.14, -46.83, -46.40, -46.26, -46.43, -46.72, -41.41, -45.96, -45.96, -45.78, -45.71, -45.69, -46.36, -47.44, -45.95, -46.41, -45.58, -45.54, -46.68, -46.96, -46.08, -46.43, -47.19, -46.78, -45.89, -46.54, -45.89, -45.74, -47.20, -46.39, -46.92, -45.57, -46.10, -45.18, -45.52, -45.82, -45.12, -44.17, -44.73, -44.46, -44.60, -44.03, -45.13, -45.36, -44.92, -45.20, -45.57, -44.96, -45.28, -47.54, -45.98, -46.93, -47.09, -45.58, -46.32, -46.15, -45.80, -46.46, -45.90, -46.67, -46.50, -45.95, -45.98, -47.35, -45.22, -44.26, -43.07, -41.50, -37.49, -41.69, -43.43, -44.57, -44.73, -44.98, -45.94, -45.29, -44.36, -40.60, -45.83, -47.58, -46.03, -46.40, -46.90, -46.26, -46.35, -46.24, -46.49, -47.23, -46.43, -47.26, -46.17, -46.71, -46.49, -46.21, -46.41, -47.35, -46.16, -46.11, -46.09, -45.78, -46.44, -46.67, -46.21, -46.73, -46.91, -46.36, -46.00, -45.30, -46.80, -46.70, -46.27, -46.72, -46.26, -42.01, -43.90, -46.28, -46.75, -45.86, -46.35, -46.34, -46.05, -46.47, -46.56, -46.42, -46.42, -46.98, -46.98, -45.73, -46.81, -45.86, -46.15, -46.38, -46.54, -46.74, -46.42, -47.13, -46.81, -46.48, -46.13, -46.32, -46.69, -45.86, -46.86, -45.97, -46.40, -46.22, -46.22, -41.85, -39.84, -45.08, -44.29, -45.57, -46.10, -46.10, -46.19, -46.37, -46.96, -46.98, -46.40, -44.16, -46.26, -46.38, -46.53, -46.41, -46.75, -46.29, -46.79, -45.83, -46.82, -46.97, -46.91, -45.47, -46.68, -46.91, -46.47, -46.17, -46.01, -46.38, -46.11, -46.17, -46.28, -46.84, -46.02, -47.22, -47.35, -46.09, -45.74, -46.65, -45.63, -46.46, -46.49, -46.71, -47.71, -46.72, -46.35, -45.69, -45.75, -46.28, -47.10, -46.50, -46.94, -47.05, -46.97, -46.51, -46.08, -46.10, -46.85, -46.27, -46.55, -46.88, -46.44, -46.61, -47.46, -47.46, -47.80, -47.32, -47.19, -46.72, -42.84, -44.99, -46.40, -46.82, -47.18, -46.89, -45.44, -46.77, -46.99, -46.44, -47.01, -46.28, -46.47, -46.26, -46.37, -47.00, -46.02, -46.52, -46.07, -46.44, -46.29, -47.07, -46.78, -46.67, -46.75, -46.94, -46.82, -45.17, -45.91, -45.45, -44.97, -43.69, -41.92, -41.21, -40.34, -40.51, -39.35, -38.18, -37.56, -35.45, -36.33, -36.56, -36.45, -35.67, -34.82, -35.00, -35.99, -36.48, -36.45, -37.00, -37.65, -39.20, -41.12, -42.52, -43.38, -44.50, -44.94, -46.03, -46.17, -46.85, -46.30, -47.98, -46.99, -46.72, -47.09, -47.57, -46.13, -47.23, -46.54, -45.74, -46.62, -42.84, -46.92, -47.10, -47.09, -46.16, -47.08, -46.78, -46.86, -48.11, -46.41, -46.24, -46.72, -47.32, -45.94, -47.83, -46.37, -46.81, -47.13, -46.84, -46.90, -47.68, -46.52, -47.42, -46.36, -47.26, -46.07, -46.66, -46.57, -46.02, -47.34, -46.69, -47.39, -46.64, -47.01, -46.72, -46.68, -47.61, -47.34, -46.65, -46.81, -47.83, -47.60, -47.15, -47.76, -47.04, -47.72, -47.03, -47.13, -46.92, -46.47, -47.02, -46.43, -46.45, -47.84, -47.96, -47.06, -47.30, -47.90, -47.17, -48.39, -47.95, -48.83, -47.59, -47.78, -47.94, -47.61, -47.77, -47.93, -47.93
2026-10-01, 16:50:35, 90223850, 92442816, 5425.35, 80, -47.02, -48.06, -47.47, -42.99, -43.42, -42.70, -42.79, -43.12, -43.67, -44.69, -44.18, -43.45, -43.98, -40.32, -33.75, -36.20, -39.76, -42.27, -40.78, -40.96, -42.70, -44.57, -44.87, -44.83, -45.00, -45.08, -44.50, -46.57, -47.29, -46.81, -45.80, -47.34, -46.65, -46.86, -47.12, -46.48, -46.22, -47.68, -46.38, -45.97, -46.65, -46.08, -46.65, -46.62, -46.45, -45.68, -46.87, -45.72, -45.84, -45.21, -46.47, -45.83, -46.23, -45.50, -46.26, -46.22, -45.90, -45.82, -46.63, -45.82, -45.98, -46.48, -45.77, -46.21, -45.58, -46.01, -46.76, -45.00, -45.66, -45.78, -44.94, -45.43, -44.49, -43.86, -41.03, -43.75, -41.99, -40.36, -40.15, -40.41, -40.15, -39.87, -37.80, -34.14, -27.98, -26.80, -21.25, -17.58, -15.02, -18.46, -19.53, -23.96, -28.07, -34.33, -31.65, -34.09, -40.01, -39.77, -40.70, -40.14, -42.78, -42.22, -42.58, -43.44, -43.66, -44.10, -45.33, -43.98, -45.53, -45.01, -45.54, -45.61, -44.89, -45.63, -46.28, -45.50, -45.90, -47.03, -45.27, -46.20, -45.94, -46.37, -45.93, -45.17, -46.37, -46.29, -46.72, -46.90, -46.47, -46.13, -45.70, -47.02, -46.42, -46.98, -45.47, -47.82, -46.67, -46.99, -46.08, -46.02, -47.06, -47.15, -46.48, -46.47, -46.03, -42.70, -46.09, -45.94, -46.89, -46.51, -46.17, -46.65, -46.37, -46.95, -45.87, -46.01, -46.37, -47.10, -46.86, -46.48, -46.14, -46.34, -45.92, -46.97, -46.39, -46.77, -45.82, -46.21, -47.32, -45.15, -45.52, -46.72, -46.15, -46.77, -46.18, -46.83, -46.40, -46.22, -46.46, -46.01, -45.83, -47.08, -45.69, -46.54, -46.81, -45.43, -45.89, -45.73, -46.21, -47.00, -45.32, -46.50, -43.95, -44.09, -43.94, -42.61, -41.64, -41.28, -39.94, -39.66, -38.14, -39.71, -40.30, -40.71, -42.41, -45.22, -45.22, -46.85, -45.37, -46.68, -45.64, -46.02, -45.61, -46.51, -44.58, -43.75, -39.21, -45.74, -46.77, -46.93, -45.83, -46.07, -45.81, -46.56, -46.78, -45.76, -46.47, -46.27, -46.56, -46.50, -45.75, -46.41, -46.67, -45.53, -45.04, -44.97, -46.28, -45.55, -45.44, -46.53, -46.36, -46.42, -46.87, -45.48, -46.87, -45.90, -46.10, -45.60, -46.23, -45.64, -45.60, -45.18, -44.56, -46.17, -45.92, -45.80, -45.67, -45.77, -46.07, -47.04, -46.83, -45.85, -46.75, -46.67, -47.03, -47.19, -46.10, -47.72, -46.99, -47.27, -46.28, -46.46, -46.77, -47.30, -46.52, -47.12, -45.84, -46.85, -46.00, -46.83, -47.31, -46.63, -46.77, -46.19, -46.59, -44.89, -41.29, -39.76, -45.09, -46.73, -46.18, -46.29, -46.04, -46.23, -47.24, -45.12, -46.36, -46.28, -46.28, -46.43, -45.74, -45.14, -46.27, -46.56, -45.93, -46.02, -46.31, -45.05, -46.84, -46.28, -46.51, -46.52, -46.29, -47.19, -45.83, -46.40, -46.41, -47.44, -46.82, -46.59, -46.59, -46.21, -46.71, -46.61, -46.40, -47.00, -46.93, -46.30, -47.28, -47.14, -47.13, -46.56, -46.00, -45.12, -46.14, -46.19, -45.85, -47.44, -46.62, -46.28, -45.98, -46.16, -46.00, -46.24, -45.65, -44.85, -44.45, -44.92, -44.78, -45.50, -44.80, -44.72, -46.20, -45.44, -46.03, -45.71, -44.55, -38.13, -41.89, -45.09, -46.50, -46.25, -47.59, -45.89, -47.69, -46.42, -46.40, -46.26, -46.96, -45.98, -46.09, -46.58, -47.01, -46.81, -45.76, -46.59, -46.73, -47.16, -47.46, -45.89, -46.59, -45.50, -43.22, -42.17, -44.86, -44.77, -45.54, -46.22, -47.04, -46.28, -46.12, -45.45, -46.40, -47.07, -46.99, -47.36, -46.59, -46.82, -47.40, -47.35, -46.99, -47.21, -47.89, -47.48, -47.53, -47.59, -47.68, -48.31, -47.19, -47.05, -47.05
2026-10-01, 16:50:35, 92446072, 94665038, 5425.35, 80, -48.05, -46.78, -43.78, -47.09, -47.28, -47.71, -47.78, -47.62, -47.76, -47.31, -46.98, -46.95, -49.21, -46.77, -47.77, -47.08, -47.73, -46.63, -40.74, -40.90, -45.64, -46.79, -46.03, -46.73, -46.11, -45.32, -47.01, -46.42, -45.92, -46.15, -47.38, -46.45, -46.34, -46.56, -46.73, -46.88, -46.44, -45.94, -46.07, -45.81, -45.37, -46.33, -45.86, -45.29, -45.37, -44.92, -44.45, -43.93, -45.03, -45.02, -45.90, -45.71, -45.68, -46.36, -45.57, -46.22, -45.94, -45.70, -45.34, -46.13, -46.13, -46.43, -45.95, -45.81, -47.01, -46.22, -46.70, -46.52, -46.50, -46.58, -46.11, -46.32, -46.04, -46.91, -46.77, -47.09, -46.24, -45.19, -47.26, -46.81, -46.40, -46.32, -46.03, -46.12, -46.31, -46.39, -45.61, -47.08, -45.09, -40.62, -43.57, -45.85, -48.01, -47.24, -46.77, -45.97, -46.96, -47.06, -46.34, -45.90, -46.69, -46.06, -46.40, -46.13, -46.48, -46.08, -46.28, -46.68, -45.86, -46.37, -46.92, -45.35, -46.42, -46.82, -46.23, -48.35, -46.67, -45.68, -46.76, -47.03, -45.87, -45.50, -46.99, -46.14, -46.02, -46.79, -46.03, -46.18, -45.49, -45.68, -45.71, -45.67, -46.35, -46.36, -45.95, -46.25, -46.67, -47.16, -46.78, -46.45, -46.49, -46.39, -45.95, -46.58, -46.91, -46.56, -46.35, -46.91, -46.16, -46.66, -45.80, -46.83, -46.40, -47.25, -47.38, -46.78, -45.93, -46.75, -45.84, -46.50, -39.68, -46.90, -46.17, -46.78, -47.03, -46.83, -46.24, -46.52, -46.07, -46.78, -47.39, -46.07, -46.77, -46.24, -46.97, -45.84, -46.36, -45.80, -46.74, -46.07, -46.78, -46.84, -46.12, -45.96, -46.37, -45.78, -46.55, -46.02, -47.49, -46.90, -46.43, -46.53, -45.66, -47.37, -46.45, -46.25, -45.68, -46.70, -45.94, -46.12, -46.42, -46.67, -46.17, -47.19, -46.76, -46.29, -46.29, -47.02, -46.94, -46.07, -46.73, -46.18, -45.55, -47.88, -47.29, -46.11, -46.85, -46.08, -46.58, -45.54, -45.64, -43.46, -42.52, -43.04, -41.59, -40.71, -40.90, -41.09, -40.14, -39.27, -38.62, -37.23, -38.52, -38.05, -37.63, -37.40, -38.47, -37.80, -38.04, -38.79, -40.30, -42.77, -41.73, -44.40, -45.48, -45.05, -45.41, -46.77, -47.33, -46.62, -47.77, -47.55, -47.84, -46.73, -46.81, -46.58, -46.22, -46.95, -46.47, -47.28, -46.17, -47.01, -46.68, -47.72, -46.67, -47.29, -46.95, -47.19, -47.10, -47.43, -48.01, -46.96, -47.76, -47.05, -47.33, -46.94, -46.59, -46.74, -46.48, -46.80, -47.24, -46.77, -47.15, -46.77, -46.22, -47.04, -46.88, -46.86, -47.27, -47.27, -47.45, -46.64, -46.66, -46.64, -46.99, -46.68, -46.74, -47.35, -47.63, -46.64, -46.33, -45.29, -45.56, -47.34, -46.44, -48.10, -46.74, -47.41, -47.26, -47.00, -48.17, -47.33, -46.60, -47.16, -47.51, -46.69, -48.35, -47.37, -46.60, -48.18, -47.58, -46.57, -47.40, -47.75, -46.96, -46.94, -47.94, -47.54, -47.42, -47.80, -47.51, -48.27, -46.84, -47.06, -47.56, -47.67, -47.88, -47.75, -47.14, -47.26, -47.00, -47.55, -47.86, -47.15, -46.85, -46.78, -47.29, -46.68, -47.96, -47.56, -47.61, -47.15, -46.96, -47.20, -47.14, -46.98, -47.66, -47.29, -46.86, -47.15, -47.39, -47.54, -48.04, -47.00, -46.41, -45.19, -46.46, -46.24, -47.40, -46.16, -44.36, -45.13, -41.94, -42.63, -41.13, -38.45, -37.87, -36.56, -36.36, -29.09, -36.02, -39.04, -42.19, -41.12, -42.84, -40.92, -42.52, -40.98, -45.64, -47.79, -47.56, -47.78, -48.26, -48.10, -47.81, -48.03, -48.02, -48.76, -47.78, -48.18, -48.60, -49.25, -47.76, -48.52, -48.09, -48.42, -47.53, -48.78, -48.39, -48.28, -48.28
2026-10-01, 16:50:35, 94668294, 96887260, 5425.35, 80, -47.76, -48.14, -47.89, -47.25, -48.77, -47.76, -48.01, -48.84, -47.53, -48.25, -47.48, -48.05, -47.93, -47.77, -48.34, -48.29, -47.05, -47.79, -48.09, -47.32, -47.89, -47.70, -47.46, -47.90, -47.70, -47.45, -46.16, -47.39, -47.24, -47.40, -48.25, -46.57, -46.72, -43.17, -42.50, -46.30, -46.76, -47.14, -47.14, -46.03, -46.59, -46.37, -45.75, -45.91, -46.70, -46.35, -45.74, -46.93, -47.14, -46.96, -45.61, -46.07, -46.25, -47.00, -46.24, -46.56, -48.21, -47.45, -47.37, -47.28, -47.25, -47.04, -46.87, -45.90, -46.96, -46.34, -47.73, -47.10, -47.05, -46.80, -46.37, -47.20, -48.19, -47.92, -47.09, -47.08, -48.06, -46.42, -47.90, -46.93, -47.23, -46.96, -46.57, -48.16, -46.92, -48.10, -47.34, -47.33, -46.59, -47.04, -47.58, -46.64, -47.75, -48.02, -47.08, -48.06, -47.41, -46.87, -48.30, -46.89, -47.58, -47.52, -45.71, -46.21, -37.40, -44.06, -46.05, -47.37, -47.17, -47.24, -48.19, -46.76, -47.40, -47.88, -46.92, -47.23, -47.98, -47.84, -47.25, -46.72, -46.59, -46.95, -48.10, -47.30, -47.82, -48.60, -46.99, -47.21, -47.63, -47.29, -47.75, -47.42, -47.52, -46.76, -47.83, -48.09, -47.66, -48.53, -47.70, -47.16, -47.55, -46.16, -46.71, -46.37, -47.52, -47.63, -47.23, -45.81, -47.39, -46.83, -46.15, -47.04, -46.20, -47.22, -46.88, -46.07, -46.64, -46.79, -46.34, -47.13, -46.67, -45.91, -47.09, -46.90, -47.11, -47.14, -47.03, -46.81, -47.02, -47.03, -47.14, -46.39, -46.76, -47.48, -45.98, -38.87, -46.52, -46.94, -47.27, -46.83, -46.98, -46.78, -46.90, -45.97, -46.06, -46.30, -46.12, -44.88, -43.29, -43.48, -43.59, -43.63, -42.95, -44.02, -45.06, -45.60, -44.53, -45.41, -45.15, -45.97, -45.83, -45.20, -45.05, -45.48, -47.43, -46.96, -46.96, -48.25, -47.02, -47.36, -48.40, -47.40, -46.26, -46.58, -46.57, -47.46, -46.27, -46.38, -46.24, -46.67, -46.26, -46.14, -46.52, -46.48, -47.01, -47.43, -46.30, -46.92, -46.43, -46.75, -46.01, -46.84, -47.80, -46.93, -47.24, -46.62, -47.06, -46.49, -47.43, -46.81, -46.64, -46.25, -46.75, -47.30, -45.94, -45.05, -39.26, -42.85, -46.22, -47.46, -46.90, -47.25, -47.17, -47.01, -47.47, -47.29, -48.01, -47.19, -47.32, -47.46, -45.80, -47.04, -45.95, -45.75, -46.87, -46.66, -46.81, -46.32, -46.76, -46.51, -47.05, -47.62, -46.53, -46.88, -47.13, -47.15, -46.27, -47.26, -46.59, -46.23, -48.24, -47.16, -47.29, -47.46, -46.47, -48.01, -47.37, -47.50, -47.99, -46.93, -46.37, -46.74, -45.31, -47.15, -47.38, -47.81, -47.56, -46.48, -46.57, -47.40, -47.81, -47.21, -47.94, -47.25, -47.56, -46.91, -46.96, -47.43, -47.71, -47.51, -47.51, -48.19, -47.13, -47.45, -47.31, -47.16, -44.07, -42.63, -47.31, -47.98, -46.90, -46.92, -46.61, -47.46, -46.93, -45.90, -44.92, -44.36, -42.76, -44.40, -44.01, -45.10, -44.31, -44.44, -45.11, -44.31, -43.95, -43.45, -42.79, -41.74, -42.46, -41.94, -43.01, -42.95, -42.89, -42.23, -41.34, -38.50, -40.74, -43.55, -44.84, -45.63, -46.25, -46.53, -47.39, -46.76, -46.82, -46.80, -46.90, -47.33, -46.83, -47.84, -47.97, -47.09, -47.56, -47.19, -47.58, -47.24, -47.60, -46.44, -46.30, -47.82, -47.55, -47.72, -47.70, -47.20, -48.89, -47.24, -47.16, -47.21, -47.61, -47.83, -48.39, -48.65, -47.96, -48.36, -47.56, -44.15, -45.61, -48.60, -47.20, -47.42, -47.87, -47.94, -48.39, -48.54, -47.73, -47.12, -48.35, -48.27, -48.00, -48.23, -48.16, -48.85, -47.90, -47.67, -48.26, -47.65, -47.58, -47.78, -47.78
2026-10-01, 16:50:35, 96890516, 99109482, 5425.35, 80, -47.84, -48.21, -48.06, -47.88, -48.25, -49.40, -48.60, -49.30, -48.87, -48.68, -49.04, -49.25, -49.21, -49.03, -49.06, -47.88, -49.07, -49.00, -48.91, -48.58, -48.68, -48.61, -48.43, -48.60, -48.00, -48.69, -48.79, -47.35, -47.64, -48.48, -47.58, -47.93, -47.88, -47.73, -48.33, -47.78, -47.49, -46.94, -47.98, -47.44, -46.70, -46.90, -46.44, -46.49, -47.31, -47.07, -47.01, -47.06, -43.94, -44.79, -46.89, -46.46, -47.69, -47.06, -47.91, -47.27, -47.41, -47.88, -47.00, -47.39, -48.82, -47.43, -47.92, -45.89, -45.68, -46.32, -46.10, -45.39, -43.38, -43.06, -42.14, -39.92, -41.28, -42.21, -41.16, -41.24, -41.30, -40.56, -41.65, -42.06, -42.41, -43.59, -44.26, -45.15, -45.40, -44.58, -46.43, -46.34, -46.64, -46.91, -47.35, -48.64, -48.49, -47.34, -47.29, -47.40, -47.50, -47.99, -47.24, -46.49, -47.35, -47.35, -46.98, -47.83, -46.35, -47.63, -48.14, -47.52, -47.71, -47.46, -47.24, -47.43, -46.12, -47.79, -47.65, -47.10, -47.18, -47.19, -46.59, -43.99, -46.63, -46.76, -47.37, -46.20, -47.86, -48.79, -47.93, -47.88, -46.88, -47.38, -46.94, -46.92, -47.39, -48.14, -47.48, -48.06, -48.15, -47.93, -47.00, -47.80, -48.85, -48.31, -47.09, -46.79, -47.28, -45.75, -45.81, -44.12, -43.66, -41.89, -41.66, -43.03, -44.78, -45.95, -45.33, -46.58, -46.53, -46.78, -48.21, -47.27, -47.68, -47.96, -47.62, -46.21, -47.14, -48.26, -48.27, -46.70, -46.96, -47.66, -47.90, -47.34, -48.29, -47.20, -47.14, -48.03, -47.85, -46.97, -47.48, -47.47, -46.62, -47.64, -47.70, -47.60, -47.14, -47.70, -47.08, -47.57, -47.28, -48.03, -42.11, -47.38, -48.35, -47.16, -47.62, -47.63, -47.30, -48.35, -47.01, -46.82, -47.47, -47.67, -47.30, -46.88, -47.58, -47.68, -47.68, -46.79, -47.39, -47.10, -47.05, -46.73, -46.66, -47.45, -47.91, -47.59, -47.37, -47.16, -47.25, -46.93, -47.47, -46.99, -48.16, -47.01, -47.37, -48.19, -47.59, -47.81, -48.44, -47.42, -46.88, -47.50, -47.23, -47.43, -47.24, -47.04, -47.24, -48.40, -47.92, -48.02, -47.27, -47.48, -46.92, -47.90, -47.03, -47.38, -47.13, -46.38, -47.42, -47.53, -46.61, -46.85, -46.42, -47.65, -46.12, -46.85, -46.20, -46.54, -45.46, -45.07, -42.93, -32.52, -44.55, -46.48, -47.21, -46.33, -46.96, -46.99, -47.19, -47.60, -47.52, -47.22, -47.47, -47.78, -47.48, -48.12, -47.42, -46.92, -47.54, -47.28, -46.62, -47.66, -47.51, -48.03, -47.11, -47.22, -47.16, -46.99, -47.80, -47.57, -48.03, -47.64, -48.44, -47.48, -47.10, -47.92, -45.77, -47.50, -46.45, -45.87, -46.23, -46.63, -46.07, -46.08, -45.97, -46.31, -46.02, -45.99, -46.55, -45.77, -45.90, -46.47, -46.12, -46.43, -47.35, -46.54, -47.15, -47.71, -47.33, -45.60, -46.92, -46.69, -46.58, -44.94, -45.28, -43.99, -41.92, -41.23, -39.04, -39.30, -36.83, -35.19, -34.52, -33.17, -32.12, -33.25, -33.82, -34.82, -36.06, -35.17, -33.41, -35.75, -37.76, -42.25, -43.52, -45.99, -45.10, -46.73, -47.30, -47.42, -47.01, -47.08, -46.51, -46.94, -46.40, -46.19, -45.86, -46.06, -46.27, -45.77, -45.54, -45.92, -46.11, -45.66, -45.63, -45.01, -46.14, -46.28, -45.86, -45.56, -45.93, -47.82, -46.40, -46.76, -47.39, -47.20, -46.66, -47.33, -47.57, -47.80, -47.75, -47.73, -47.37, -46.76, -47.15, -48.38, -47.74, -48.05, -47.12, -47.99, -47.26, -48.40, -48.22, -48.11, -47.64, -47.89, -48.43, -48.61, -48.93, -47.18, -48.46, -48.52, -46.37, -47.32, -48.01, -47.74, -48.15, -46.71, -47.75, -47.65, -47.65
2026-10-01, 16:50:35, 99112738, 101331704, 5425.35, 80, -46.47, -45.45, -47.16, -46.61, -46.37, -46.64, -45.24, -46.52, -46.94, -46.86, -46.62, -46.98, -46.99, -46.98, -46.26, -44.75, -44.61, -45.30, -45.04, -43.76, -45.27, -44.32, -43.34, -44.79, -45.41, -44.91, -45.37, -47.04, -46.50, -46.81, -45.69, -46.10, -46.76, -45.37, -46.11, -46.46, -45.31, -44.49, -43.73, -43.45, -44.40, -45.39, -44.71, -45.23, -47.22, -45.99, -47.61, -45.13, -47.07, -46.87, -46.27, -46.02, -46.63, -47.04, -46.17, -45.72, -47.08, -46.76, -45.95, -45.77, -43.86, -46.59, -45.50, -44.71, -42.87, -43.95, -42.33, -43.56, -42.15, -39.64, -40.53, -38.06, -38.01, -40.95, -41.15, -40.19, -41.96, -44.53, -44.16, -45.21, -44.25, -44.83, -46.04, -45.67, -45.70, -46.35, -45.31, -45.50, -46.04, -46.02, -46.48, -47.20, -46.38, -46.93, -46.80, -46.38, -47.60, -46.49, -47.40, -46.93, -45.89, -46.50, -45.65, -45.94, -45.72, -46.24, -45.30, -46.23, -45.28, -46.75, -46.39, -46.79, -44.92, -47.08, -46.64, -46.25, -46.44, -46.47, -44.84, -45.71, -44.68, -43.64, -44.83, -44.85, -45.06, -45.96, -47.31, -46.75, -46.10, -44.86, -46.10, -46.60, -46.57, -46.86, -44.20, -44.63, -45.65, -46.23, -46.62, -46.16, -46.59, -47.35, -46.08, -47.21, -46.03, -46.65, -45.44, -45.81, -44.95, -46.01, -45.50, -44.03, -44.25, -43.48, -43.81, -45.71, -45.25, -46.49, -45.75, -46.57, -46.14, -46.67, -46.47, -46.61, -45.39, -43.91, -45.71, -46.34, -45.74, -45.91, -45.80, -46.01, -46.90, -45.60, -46.06, -45.17, -46.17, -45.73, -45.55, -46.63, -47.06, -45.67, -45.22, -44.89, -45.24, -46.46, -45.65, -46.42, -46.73, -46.31, -45.76, -45.86, -45.92, -45.92, -45.80, -46.51, -46.09, -45.84, -45.69, -45.35, -43.49, -44.59, -43.81, -43.44, -45.62, -44.75, -44.75, -44.94, -46.12, -46.08, -46.35, -47.35, -45.95, -45.81, -46.86, -46.90, -46.62, -45.71, -46.76, -45.46, -46.46, -46.63, -45.53, -46.09, -46.12, -45.63, -45.72, -46.44, -45.63, -46.05, -46.10, -46.25, -45.67, -45.99, -45.67, -45.39, -45.44, -45.94, -46.01, -46.05, -45.39, -45.98, -45.86, -45.74, -46.27, -46.24, -45.73, -46.24, -45.86, -46.44, -46.28, -45.67, -46.19, -45.58, -45.35, -45.39, -45.94, -44.84, -44.78, -47.26, -45.86, -44.97, -47.01, -46.23, -46.50, -46.62, -46.29, -47.18, -45.70, -46.84, -46.16, -46.78, -45.85, -45.66, -46.09, -46.09, -45.09, -46.20, -44.96, -45.02, -45.80, -45.71, -43.92, -44.85, -44.03, -43.88, -45.61, -44.16, -45.10, -45.45, -45.44, -44.40, -44.66, -45.83, -45.23, -44.96, -45.15, -45.54, -44.97, -44.06, -44.25, -45.45, -44.65, -45.54, -44.39, -44.59, -45.10, -45.55, -45.78, -46.24, -45.35, -45.00, -45.51, -44.75, -44.62, -45.02, -44.41, -45.31, -44.92, -43.71, -44.25, -44.72, -44.16, -43.82, -43.16, -43.92, -43.07, -43.95, -42.38, -42.06, -36.73, -32.21, -31.32, -32.03, -32.00, -31.76, -31.15, -31.32, -30.43, -29.69, -30.93, -30.98, -30.95, -33.29, -39.31, -39.88, -39.13, -39.27, -39.22, -38.89, -38.31, -37.47, -36.39, -35.63, -34.92, -33.41, -30.00, -28.90, -27.19, -18.25, -18.13, -16.79, -18.14, -15.51, -11.77, -13.47, -9.35, -9.89, -14.03, -14.59, -15.70, -18.23, -25.33, -28.69, -28.83, -32.04, -34.14, -34.19, -35.66, -36.61, -37.47, -38.19, -38.20, -39.31, -39.43, -40.32, -40.01, -40.43, -40.57, -40.41, -39.27, -33.81, -33.22, -33.89, -33.10, -32.96, -33.07, -33.97, -34.05, -34.17, -34.53, -34.92, -35.20, -35.17, -42.18, -43.08, -43.63, -44.25, -44.20, -44.58, -44.58
2026-10-01, 16:50:35, 101334960, 103553926, 5425.35, 80, -46.57, -46.55, -47.00, -46.82, -47.57, -47.36, -46.18, -46.33, -38.52, -47.01, -46.91, -47.49, -47.65, -46.54, -47.54, -47.86, -47.09, -47.25, -47.41, -46.45, -46.42, -46.62, -46.90, -46.34, -46.81, -46.78, -47.38, -47.35, -46.00, -46.47, -45.59, -46.22, -46.85, -46.79, -45.61, -45.52, -45.80, -45.66, -44.71, -44.72, -45.66, -45.90, -45.62, -45.86, -46.91, -46.12, -46.71, -46.45, -46.96, -45.91, -46.32, -46.34, -45.89, -46.48, -46.52, -45.92, -46.81, -46.12, -45.42, -46.00, -46.46, -46.25, -46.97, -45.83, -46.26, -46.20, -46.24, -46.41, -45.95, -47.17, -47.37, -47.01, -47.59, -45.60, -45.87, -47.80, -47.08, -45.67, -46.72, -45.19, -46.35, -46.86, -46.59, -46.06, -47.23, -46.07, -47.26, -46.27, -46.15, -46.91, -45.66, -46.18, -46.23, -46.24, -46.77, -45.95, -46.75, -46.33, -45.27, -46.41, -46.68, -46.12, -46.70, -46.52, -46.19, -47.07, -45.77, -45.89, -46.54, -46.03, -45.71, -46.28, -45.74, -45.92, -45.49, -45.03, -44.19, -45.97, -45.04, -45.06, -46.01, -46.79, -45.58, -45.16, -44.88, -46.23, -46.84, -46.66, -46.83, -46.95, -45.88, -47.05, -46.82, -46.04, -47.61, -47.33, -46.36, -45.81, -46.12, -46.58, -45.73, -44.72, -44.98, -45.87, -47.32, -46.56, -46.51, -46.53, -46.46, -45.77, -45.74, -46.03, -46.04, -45.57, -46.42, -46.53, -45.25, -45.23, -45.68, -46.67, -45.82, -45.62, -46.08, -45.58, -46.28, -45.39, -44.74, -44.68, -44.61, -43.60, -44.72, -43.98, -44.74, -44.73, -45.33, -45.13, -45.17, -46.09, -45.45, -46.40, -45.16, -45.87, -46.21, -46.33, -46.19, -45.70, -46.20, -45.25, -45.79, -46.53, -45.78, -45.84, -45.11, -45.66, -46.13, -45.66, -46.99, -45.72, -45.39, -45.84, -45.36, -45.88, -45.08, -43.14, -43.09, -43.76, -43.76, -42.95, -42.14, -42.50, -42.59, -41.28, -42.16, -41.89, -41.94, -42.02, -41.52, -42.17, -41.60, -41.05, -40.41, -42.56, -43.60, -42.72, -43.44, -44.47, -44.01, -45.14, -45.75, -46.34, -44.83, -46.10, -46.35, -46.37, -46.69, -45.68, -46.47, -46.66, -45.91, -45.59, -46.50, -47.53, -46.52, -46.14, -45.58, -44.90, -46.37, -45.19, -45.29, -44.04, -44.75, -42.83, -42.05, -42.72, -42.38, -42.87, -43.26, -45.63, -44.53, -46.52, -45.60, -46.26, -45.89, -46.07, -45.39, -46.69, -46.64, -46.72, -46.37, -46.63, -47.27, -46.57, -46.56, -46.13, -46.66, -46.22, -48.37, -46.24, -45.86, -46.57, -46.17, -46.05, -44.90, -46.56, -44.81, -44.57, -45.98, -45.61, -45.27, -46.00, -46.25, -43.16, -46.03, -46.30, -46.06, -45.62, -46.38, -47.10, -45.48, -45.56, -46.45, -45.52, -45.96, -46.04, -45.68, -45.25, -46.04, -45.61, -46.14, -46.11, -46.73, -47.34, -46.60, -45.40, -46.42, -47.81, -47.20, -46.83, -46.35, -45.71, -46.05, -46.04, -46.31, -45.83, -45.07, -45.00, -38.28, -37.21, -41.93, -37.75, -37.54, -34.20, -35.33, -31.17, -31.32, -33.11, -32.31, -32.50, -34.22, -37.01, -37.55, -42.26, -41.11, -42.51, -43.29, -42.50, -41.79, -45.50, -46.42, -45.67, -45.87, -45.58, -47.00, -46.05, -46.71, -46.25, -46.31, -47.31, -45.61, -45.53, -44.93, -45.07, -44.44, -44.51, -45.35, -45.09, -44.58, -44.38, -45.03, -44.94, -44.09, -45.53, -46.60, -46.57, -46.86, -46.48, -46.46, -46.78, -46.43, -46.13, -45.62, -45.54, -45.58, -45.22, -45.80, -45.03, -44.96, -44.99, -45.93, -46.31, -46.43, -45.81, -46.19, -47.12, -46.60, -47.19, -46.34, -47.78, -46.18, -47.62, -47.26, -46.30, -47.24, -46.22, -46.55, -46.46, -45.67, -45.48, -40.14, -39.98, -39.98
2026-10-01, 16:50:35, 103557182, 105776148, 5425.35, 80, -47.63, -47.46, -47.06, -47.15, -48.16, -47.62, -47.42, -47.37, -48.24, -48.11, -48.37, -47.40, -46.69, -46.93, -47.64, -48.03, -46.58, -45.32, -45.37, -44.00, -42.81, -43.03, -42.27, -40.77, -40.14, -39.43, -38.10, -38.28, -39.25, -39.53, -37.07, -37.45, -38.79, -39.12, -40.23, -41.68, -43.01, -43.82, -44.02, -43.78, -44.90, -46.61, -46.52, -46.01, -46.86, -47.06, -47.10, -46.59, -46.70, -46.73, -46.14, -47.15, -47.44, -46.93, -47.05, -46.75, -46.30, -47.65, -46.60, -47.10, -47.69, -47.64, -47.45, -46.89, -46.69, -46.94, -46.68, -47.05, -46.90, -47.33, -48.11, -46.30, -47.20, -46.79, -46.49, -47.04, -47.34, -46.61, -47.90, -48.07, -46.75, -47.08, -44.92, -47.31, -47.03, -47.45, -47.42, -47.78, -47.12, -47.40, -47.79, -46.09, -46.69, -46.90, -46.47, -46.57, -46.90, -46.23, -46.69, -45.72, -44.52, -44.11, -46.61, -46.40, -46.26, -47.59, -46.33, -46.40, -46.58, -47.23, -46.53, -47.48, -47.07, -47.31, -46.11, -47.12, -47.74, -47.50, -46.36, -47.25, -46.63, -46.71, -46.65, -46.38, -46.66, -46.65, -46.73, -46.57, -46.90, -47.07, -46.08, -46.85, -46.39, -46.64, -46.59, -46.62, -47.59, -46.40, -46.90, -46.42, -46.29, -46.40, -46.96, -46.26, -46.65, -46.59, -46.69, -46.07, -46.02, -46.23, -46.03, -46.63, -46.60, -45.96, -46.82, -46.47, -47.22, -46.30, -47.00, -46.64, -47.27, -47.24, -47.26, -46.64, -46.97, -46.31, -46.34, -45.04, -46.46, -45.74, -46.29, -46.00, -45.96, -46.40, -45.06, -40.71, -40.08, -39.71, -39.57, -40.37, -39.72, -39.66, -40.40, -40.17, -39.71, -40.07, -39.93, -39.70, -40.26, -40.04, -41.62, -43.74, -44.39, -45.13, -44.77, -42.74, -44.08, -43.38, -42.61, -41.18, -39.84, -38.65, -35.53, -33.04, -31.50, -23.23, -23.23, -22.99, -21.76, -22.47, -23.03, -19.96, -21.66, -22.74, -22.84, -23.78, -28.00, -29.80, -32.58, -34.13, -35.26, -38.02, -37.94, -40.24, -41.36, -41.30, -42.48, -44.00, -44.33, -44.95, -43.87, -45.09, -42.39, -39.98, -40.43, -39.17, -40.13, -39.95, -39.65, -39.90, -40.53, -39.71, -40.59, -39.40, -40.29, -40.19, -40.09, -40.46, -42.90, -45.60, -46.23, -46.44, -45.51, -46.04, -46.30, -45.84, -45.96, -46.53, -46.33, -46.08, -47.34, -46.57, -47.97, -46.19, -47.09, -46.34, -46.80, -46.32, -46.21, -45.75, -45.90, -47.19, -47.22, -46.16, -47.21, -46.82, -46.59, -46.32, -46.42, -46.14, -46.88, -46.72, -47.07, -46.68, -46.79, -46.63, -45.23, -47.18, -46.38, -47.33, -45.93, -46.75, -46.23, -45.71, -45.64, -47.42, -46.10, -46.39, -47.53, -46.72, -47.29, -46.45, -46.96, -46.73, -47.54, -46.92, -46.92, -46.89, -48.21, -47.29, -46.66, -47.33, -46.65, -46.52, -47.33, -47.51, -46.92, -47.26, -47.56, -47.69, -46.89, -46.76, -47.61, -48.13, -46.87, -48.35, -47.83, -47.92, -47.99, -47.53, -48.14, -48.22, -47.52, -47.73, -48.45, -48.65, -47.03, -47.89, -47.15, -47.06, -47.61, -47.52, -48.55, -47.18, -46.96, -47.75, -46.98, -46.85, -45.92, -46.17, -46.34, -44.97, -45.84, -43.98, -43.66, -44.24, -43.48, -44.46, -40.66, -38.60, -44.76, -44.75, -45.24, -45.69, -46.35, -44.89, -46.22, -46.91, -46.39, -46.72, -46.78, -46.16, -46.37, -47.93, -47.83, -47.56, -47.42, -46.63, -48.75, -47.52, -47.63, -47.89, -48.15, -48.58, -47.30, -48.74, -47.62, -48.99, -47.57, -48.90, -47.89, -48.72, -48.24, -48.41, -48.33, -48.82, -47.68, -47.99, -48.86, -47.75, -48.31, -49.11, -47.79, -47.97, -47.87, -47.85, -48.29, -48.12, -47.21, -47.12, -47.12
2026-10-01, 16:50:35, 105779404, 107998370, 5425.35, 80, -48.70, -48.00, -48.02, -48.50, -48.37, -48.49, -48.73, -49.24, -48.80, -48.38, -48.03, -48.53, -48.49, -49.11, -48.30, -47.87, -46.90, -47.99, -48.59, -48.35, -47.34, -46.50, -47.88, -48.09, -47.63, -47.71, -47.19, -47.82, -47.60, -47.48, -46.81, -47.94, -46.59, -46.94, -47.52, -47.92, -47.42, -46.59, -46.23, -47.35, -46.45, -47.14, -47.81, -47.00, -47.39, -46.77, -48.47, -47.76, -47.14, -46.90, -46.62, -47.54, -46.82, -47.75, -47.30, -46.73, -47.85, -47.63, -48.06, -46.91, -45.37, -47.57, -47.20, -46.95, -47.42, -46.39, -47.04, -47.01, -48.01, -46.45, -47.36, -46.94, -46.84, -46.89, -46.42, -47.95, -47.08, -48.11, -48.22, -46.97, -47.97, -46.96, -47.69, -47.63, -47.71, -47.46, -47.64, -44.54, -47.17, -47.26, -46.61, -46.94, -46.81, -47.53, -48.06, -45.93, -46.59, -46.50, -47.08, -47.13, -47.36, -46.09, -46.74, -47.11, -47.72, -46.85, -46.46, -47.13, -46.71, -46.85, -46.79, -47.12, -47.01, -46.41, -47.46, -47.21, -46.33, -47.14, -45.85, -46.75, -46.64, -47.16, -46.72, -46.69, -46.98, -47.26, -46.31, -46.39, -47.24, -45.93, -46.24, -46.82, -46.31, -46.29, -46.31, -47.33, -47.33, -45.80, -46.66, -46.26, -46.24, -46.58, -46.54, -46.90, -46.48, -46.75, -46.64, -47.06, -47.02, -46.14, -46.51, -47.01, -46.02, -46.75, -46.63, -47.24, -45.91, -47.48, -46.41, -46.84, -46.89, -46.07, -46.61, -46.27, -45.87, -46.51, -46.42, -46.16, -46.17, -45.51, -44.59, -41.68, -41.73, -40.20, -41.24, -40.04, -40.86, -40.54, -40.57, -41.35, -40.07, -41.24, -39.31, -40.37, -45.66, -44.61, -43.62, -43.57, -43.10, -41.29, -41.75, -39.30, -38.33, -36.09, -31.88, -29.39, -29.16, -26.34, -26.95, -24.89, -26.27, -25.70, -25.13, -25.63, -24.95, -24.68, -24.68, -23.80, -24.03, -25.40, -24.77, -25.08, -25.99, -27.29, -27.68, -28.28, -29.95, -32.13, -34.50, -35.11, -37.48, -38.77, -41.07, -41.65, -43.15, -42.97, -44.27, -44.29, -44.75, -45.24, -44.64, -40.15, -39.51, -39.82, -39.69, -38.89, -40.08, -39.16, -39.82, -40.16, -40.42, -40.12, -39.75, -39.43, -44.14, -45.72, -47.10, -47.08, -45.91, -46.85, -46.83, -47.14, -46.07, -47.28, -47.14, -47.32, -48.40, -46.47, -47.60, -46.76, -47.08, -48.36, -46.32, -46.62, -46.56, -46.48, -46.78, -47.45, -47.65, -47.03, -46.54, -46.29, -46.48, -45.97, -45.01, -46.46, -45.79, -46.16, -44.76, -45.02, -43.53, -44.76, -44.97, -43.69, -45.43, -45.31, -45.09, -45.34, -45.25, -46.19, -45.73, -47.75, -46.86, -46.60, -47.06, -47.22, -46.86, -46.91, -46.77, -47.83, -47.88, -47.97, -48.03, -48.56, -47.75, -47.61, -47.60, -47.64, -46.46, -48.16, -48.04, -46.96, -47.11, -48.01, -47.39, -47.37, -47.34, -46.89, -47.91, -47.57, -48.06, -40.69, -47.03, -47.71, -47.98, -47.21, -47.10, -46.99, -47.28, -47.44, -47.27, -47.45, -47.21, -46.97, -47.32, -46.53, -46.62, -46.38, -45.77, -45.27, -45.90, -45.61, -44.81, -42.29, -42.02, -39.57, -39.52, -40.86, -39.02, -37.84, -35.47, -31.90, -30.28, -27.90, -26.27, -25.61, -30.00, -28.77, -30.77, -33.07, -32.53, -33.81, -33.97, -33.61, -36.00, -36.73, -35.26, -36.01, -41.39, -44.65, -44.29, -46.35, -45.30, -45.78, -45.68, -46.18, -46.77, -46.97, -46.80, -46.36, -47.24, -47.19, -47.09, -46.93, -47.28, -47.50, -46.52, -47.19, -47.61, -48.59, -47.40, -47.48, -48.15, -47.81, -48.30, -47.72, -48.60, -47.55, -48.36, -47.88, -48.52, -48.31, -48.85, -47.90, -47.17, -48.70, -47.29, -48.19, -48.35, -48.03, -48.03
2026-10-01, 16:50:37, 88001628, 90220594, 5425.35, 96, -47.23, -47.56, -48.27, -48.57, -47.40, -47.36, -47.52, -47.35, -47.59, -48.04, -47.53, -47.97, -47.67, -47.30, -47.54, -46.83, -45.23, -47.68, -46.94, -46.98, -46.23, -47.58, -46.72, -46.33, -46.98, -46.47, -46.56, -46.08, -46.29, -46.79, -45.71, -45.62, -45.45, -46.82, -45.56, -45.81, -46.09, -45.01, -44.04, -38.19, -42.24, -44.39, -44.82, -46.82, -45.96, -46.01, -46.49, -46.06, -46.02, -46.29, -45.94, -46.39, -45.61, -46.53, -45.76, -45.49, -45.90, -45.79, -46.30, -40.71, -46.27, -45.95, -46.49, -47.17, -46.77, -46.97, -46.55, -46.05, -46.92, -46.37, -46.29, -46.09, -46.01, -46.41, -46.44, -46.59, -47.11, -46.35, -46.23, -46.60, -46.85, -46.73, -46.00, -46.20, -45.85, -46.57, -46.43, -46.02, -45.00, -44.49, -45.01, -43.91, -44.01, -45.03, -44.39, -44.81, -45.76, -45.26, -46.01, -46.09, -45.47, -46.65, -46.07, -46.37, -45.95, -45.85, -46.97, -46.11, -46.63, -46.95, -45.85, -46.27, -45.82, -46.08, -46.52, -46.60, -46.19, -46.60, -45.26, -45.01, -41.60, -37.06, -41.36, -44.51, -45.32, -45.90, -45.90, -46.32, -45.86, -43.55, -40.72, -45.99, -46.50, -46.14, -46.19, -45.64, -46.91, -46.55, -46.86, -46.55, -46.97, -46.39, -47.91, -46.53, -46.51, -46.79, -47.11, -46.38, -46.15, -47.37, -47.33, -47.29, -46.05, -47.85, -46.03, -46.85, -46.13, -47.16, -46.31, -46.21, -46.43, -46.03, -45.24, -46.15, -45.48, -45.26, -42.82, -44.95, -45.92, -45.34, -45.63, -45.78, -46.47, -45.79, -47.11, -46.66, -46.10, -46.30, -46.98, -46.13, -47.34, -46.41, -46.26, -46.12, -46.33, -45.26, -45.56, -46.15, -46.53, -46.41, -45.96, -45.97, -47.59, -46.65, -46.04, -46.08, -47.18, -47.27, -46.26, -45.14, -42.50, -40.08, -45.40, -44.52, -45.87, -46.25, -46.25, -46.24, -46.66, -46.47, -46.21, -45.62, -43.60, -46.17, -46.43, -45.82, -46.47, -46.01, -45.42, -46.66, -45.95, -46.51, -45.87, -46.72, -45.75, -45.96, -45.77, -46.65, -46.70, -46.99, -46.67, -46.10, -45.91, -46.67, -46.46, -46.34, -46.78, -46.23, -45.81, -47.15, -46.02, -46.55, -46.58, -47.26, -46.60, -47.38, -46.94, -45.94, -46.50, -46.96, -46.36, -47.40, -46.52, -47.48, -46.63, -46.31, -46.35, -46.74, -46.72, -46.85, -46.01, -46.69, -47.50, -46.85, -47.51, -46.25, -48.03, -47.22, -45.93, -46.57, -45.80, -42.59, -45.25, -46.88, -46.76, -47.33, -46.17, -47.07, -46.12, -46.53, -46.34, -46.77, -45.91, -46.28, -47.14, -46.81, -45.90, -46.44, -46.80, -46.50, -46.05, -46.47, -46.32, -46.67, -46.98, -46.68, -46.76, -47.24, -46.13, -45.41, -45.48, -44.37, -42.75, -40.86, -40.10, -39.33, -39.20, -38.11, -38.48, -37.72, -36.51, -37.00, -36.61, -35.77, -35.88, -36.09, -36.69, -35.62, -36.37, -37.18, -37.85, -37.79, -39.28, -39.09, -39.36, -41.20, -42.87, -43.49, -44.99, -45.11, -46.25, -47.04, -47.00, -46.56, -47.14, -46.85, -46.94, -47.32, -46.84, -46.59, -46.51, -47.47, -42.03, -46.20, -47.46, -46.92, -46.58, -47.28, -47.48, -47.14, -47.06, -46.04, -46.71, -46.60, -47.38, -46.45, -47.70, -46.54, -45.70, -46.40, -47.13, -47.06, -46.24, -46.67, -46.56, -46.02, -46.42, -46.26, -46.23, -46.42, -46.76, -46.00, -46.41, -46.48, -47.06, -47.46, -47.13, -46.79, -47.15, -46.80, -47.51, -46.85, -47.72, -47.45, -47.06, -46.53, -47.22, -46.97, -46.34, -47.07, -46.64, -46.89, -46.21, -46.25, -46.68, -47.25, -47.81, -47.53, -47.10, -47.41, -48.22, -48.35, -47.97, -47.97, -48.03, -47.89, -48.38, -47.77, -47.61, -47.80, -47.80
2026-10-01, 16:50:37, 90223850, 92442816, 5425.35, 96, -47.60, -47.19, -47.17, -43.89, -45.72, -46.12, -44.82, -42.97, -41.71, -41.55, -42.02, -39.28, -40.36, -40.89, -35.72, -35.26, -40.07, -40.23, -40.39, -41.47, -42.26, -42.04, -44.75, -43.18, -44.98, -45.53, -45.74, -47.40, -46.03, -46.85, -47.28, -47.03, -46.08, -46.30, -46.28, -46.24, -46.55, -47.19, -46.91, -46.32, -46.65, -46.92, -46.48, -46.04, -46.92, -45.89, -45.76, -46.00, -45.93, -45.99, -45.62, -45.65, -45.24, -46.42, -46.20, -46.08, -46.41, -45.93, -46.08, -45.01, -46.21, -45.77, -46.78, -45.27, -45.74, -45.65, -46.11, -45.70, -45.53, -44.75, -44.76, -44.04, -44.33, -43.99, -40.86, -42.58, -41.16, -39.68, -37.77, -36.17, -35.22, -35.82, -35.19, -30.90, -27.31, -23.29, -22.19, -20.40, -16.89, -15.52, -20.05, -22.57, -29.04, -33.37, -34.97, -36.04, -37.34, -37.78, -38.90, -40.11, -40.52, -42.04, -43.17, -43.83, -43.51, -43.87, -43.79, -44.48, -44.34, -44.27, -45.09, -44.54, -45.33, -46.17, -46.03, -45.97, -45.20, -45.57, -45.64, -45.37, -46.08, -45.72, -46.13, -45.13, -46.10, -46.74, -46.46, -45.60, -45.54, -46.49, -46.04, -46.35, -46.23, -45.76, -45.89, -46.02, -45.68, -46.28, -46.88, -46.38, -46.59, -47.09, -46.61, -47.21, -46.30, -41.09, -45.90, -45.71, -45.79, -45.59, -46.45, -46.22, -46.05, -45.92, -46.95, -46.43, -46.66, -46.82, -46.47, -45.81, -46.36, -45.80, -45.69, -46.80, -46.92, -46.09, -46.29, -45.88, -45.29, -45.40, -45.53, -45.53, -46.71, -46.27, -45.31, -46.23, -46.16, -46.57, -46.97, -46.26, -46.54, -46.83, -47.08, -45.78, -45.85, -46.94, -45.87, -45.41, -46.04, -45.00, -44.58, -43.24, -43.80, -42.46, -42.29, -41.56, -40.24, -39.64, -40.08, -39.94, -40.32, -41.40, -42.15, -42.88, -43.23, -43.66, -43.66, -44.67, -44.76, -45.39, -45.79, -45.04, -45.54, -46.68, -46.64, -44.88, -39.31, -45.25, -46.21, -46.03, -45.90, -47.11, -45.80, -45.74, -45.93, -46.56, -46.00, -46.71, -46.62, -46.11, -46.64, -46.29, -45.72, -46.43, -45.95, -46.15, -45.20, -45.96, -46.11, -46.82, -47.03, -45.37, -45.54, -46.51, -46.25, -45.93, -46.40, -46.46, -45.93, -45.79, -45.99, -45.06, -44.69, -46.28, -45.38, -45.99, -45.62, -45.39, -46.22, -46.33, -45.66, -46.63, -46.57, -46.79, -46.45, -45.79, -46.55, -46.51, -47.66, -45.60, -46.77, -46.63, -46.20, -46.58, -46.65, -46.00, -46.39, -45.99, -46.66, -46.10, -45.82, -45.98, -46.64, -45.77, -46.46, -45.25, -41.06, -40.09, -45.41, -46.87, -46.31, -45.90, -45.76, -46.16, -46.33, -46.54, -46.33, -46.00, -46.80, -45.85, -45.76, -45.88, -44.95, -45.97, -46.67, -45.72, -45.93, -46.45, -45.84, -46.48, -45.95, -46.84, -45.85, -46.61, -46.86, -46.68, -46.36, -46.51, -46.90, -46.91, -46.56, -46.26, -46.41, -46.61, -46.61, -46.15, -47.71, -46.30, -47.16, -47.41, -46.56, -47.00, -46.17, -46.11, -46.23, -45.75, -47.04, -45.52, -45.89, -46.30, -46.18, -46.29, -45.83, -44.47, -44.86, -45.77, -44.51, -44.39, -45.41, -44.97, -46.13, -45.32, -45.80, -46.03, -45.97, -46.18, -45.22, -38.12, -41.81, -45.93, -46.74, -46.71, -46.42, -46.17, -46.38, -46.40, -45.69, -46.06, -46.61, -46.64, -47.11, -46.00, -46.89, -46.43, -46.55, -47.04, -46.64, -46.18, -46.52, -45.93, -45.19, -45.09, -44.39, -43.56, -42.43, -44.28, -45.50, -46.05, -46.27, -47.06, -47.04, -45.17, -46.04, -46.42, -47.36, -47.35, -47.22, -47.49, -46.42, -47.16, -47.83, -46.64, -47.50, -46.79, -48.09, -47.69, -47.58, -47.58, -47.76, -47.44, -47.44
2026-10-01, 16:50:37, 92446072, 94665038, 5425.35, 96, -48.33, -46.73, -43.27, -45.80, -47.34, -48.70, -46.06, -47.22, -46.74, -47.01, -46.98, -48.22, -46.90, -46.62, -46.66, -46.75, -46.67, -45.98, -41.62, -40.76, -45.79, -46.40, -46.23, -45.81, -46.63, -44.97, -47.51, -46.84, -46.81, -47.18, -46.52, -46.22, -46.29, -46.75, -46.14, -46.17, -45.89, -46.39, -45.88, -46.77, -46.64, -45.54, -45.53, -46.38, -45.35, -44.94, -45.33, -44.92, -44.47, -45.02, -46.03, -44.99, -45.43, -46.43, -45.16, -45.03, -45.82, -46.35, -45.72, -46.83, -45.98, -46.48, -46.04, -46.85, -46.21, -46.30, -45.55, -46.47, -46.15, -46.57, -47.43, -46.66, -45.78, -46.60, -46.55, -47.40, -46.55, -46.10, -45.86, -46.73, -46.94, -46.25, -46.96, -46.41, -46.49, -45.85, -45.68, -46.77, -46.25, -40.56, -44.00, -46.45, -46.06, -46.12, -46.46, -46.30, -46.07, -45.75, -46.45, -45.86, -46.29, -46.19, -45.34, -47.14, -46.25, -46.07, -46.54, -46.61, -46.62, -46.84, -45.81, -46.36, -46.19, -46.53, -46.87, -46.24, -46.39, -46.70, -46.21, -45.67, -46.61, -45.21, -46.66, -46.22, -45.74, -46.45, -46.93, -45.95, -46.53, -45.69, -45.07, -46.51, -46.42, -45.45, -46.18, -46.36, -45.32, -46.37, -46.65, -46.42, -46.34, -46.17, -46.42, -46.21, -46.41, -46.29, -46.83, -47.30, -45.42, -46.48, -46.15, -46.18, -46.63, -46.15, -45.94, -45.79, -46.48, -46.90, -46.37, -46.28, -39.58, -46.28, -46.16, -46.56, -46.18, -46.97, -46.39, -46.81, -45.63, -46.63, -47.04, -46.23, -45.69, -46.51, -45.92, -45.98, -46.27, -46.46, -46.75, -46.13, -46.51, -47.20, -45.58, -45.98, -45.52, -46.22, -46.13, -46.20, -46.32, -46.69, -46.19, -46.50, -46.35, -46.01, -46.04, -46.62, -45.75, -46.54, -46.27, -46.85, -46.22, -45.92, -46.59, -46.49, -46.64, -46.86, -46.86, -46.71, -46.40, -46.38, -45.78, -46.62, -46.01, -47.34, -46.07, -46.91, -46.42, -45.13, -45.28, -44.55, -44.04, -44.27, -41.75, -39.37, -39.99, -39.54, -39.48, -39.58, -38.75, -38.66, -38.13, -37.12, -37.73, -38.98, -38.36, -39.63, -38.08, -38.91, -40.40, -40.89, -41.77, -42.87, -43.58, -45.11, -45.42, -46.06, -45.61, -46.44, -46.96, -46.33, -46.00, -47.45, -46.91, -46.85, -46.14, -47.71, -46.88, -46.90, -47.60, -47.10, -47.37, -46.68, -46.46, -46.89, -47.11, -46.55, -46.53, -47.72, -47.14, -47.38, -47.29, -47.96, -46.93, -47.27, -46.33, -46.51, -46.33, -47.19, -46.70, -46.76, -46.68, -47.28, -47.10, -46.73, -46.49, -46.87, -47.78, -46.90, -46.76, -47.30, -46.93, -47.16, -47.46, -47.37, -47.92, -47.95, -46.43, -46.84, -47.49, -46.90, -46.57, -44.37, -46.13, -47.01, -46.50, -48.22, -47.31, -46.91, -47.46, -48.09, -46.67, -47.65, -48.16, -47.40, -47.52, -47.41, -46.17, -47.15, -47.43, -47.35, -46.76, -47.24, -46.88, -47.79, -46.92, -46.48, -47.34, -48.52, -47.84, -47.75, -47.53, -46.70, -47.47, -47.28, -47.92, -47.98, -47.65, -47.67, -47.63, -48.20, -47.19, -47.16, -46.93, -47.07, -47.65, -47.09, -46.89, -47.23, -48.33, -47.02, -47.70, -47.68, -47.68, -47.20, -47.73, -47.75, -47.13, -47.88, -47.82, -48.01, -47.15, -47.23, -47.55, -47.22, -47.30, -46.88, -47.71, -47.76, -47.28, -46.11, -47.05, -46.55, -44.98, -45.66, -46.54, -45.94, -45.29, -43.42, -36.13, -27.26, -34.20, -39.27, -44.64, -46.12, -46.25, -47.65, -46.95, -47.19, -47.12, -47.96, -47.17, -47.66, -47.20, -48.22, -47.96, -47.86, -48.53, -48.65, -48.17, -48.23, -47.76, -48.36, -47.95, -47.65, -48.00, -47.98, -48.25, -47.89, -47.85, -48.25, -48.25
2026-10-01, 16:50:37, 94668294, 96887260, 5425.35, 96, -49.11, -48.07, -47.93, -48.74, -47.51, -47.87, -47.72, -47.44, -48.16, -47.88, -47.98, -48.45, -47.52, -47.86, -48.48, -47.55, -47.93, -47.64, -47.84, -48.15, -47.42, -47.82, -47.23, -47.20, -47.27, -47.61, -46.76, -47.36, -47.79, -47.22, -47.09, -47.90, -46.42, -43.40, -42.68, -46.09, -46.56, -46.23, -46.02, -47.41, -46.47, -46.56, -46.60, -46.00, -45.87, -45.64, -47.41, -45.87, -46.94, -46.19, -46.69, -45.98, -46.29, -46.96, -46.57, -46.89, -46.52, -46.42, -47.29, -46.73, -47.03, -45.39, -47.54, -47.52, -47.02, -47.32, -46.11, -47.00, -47.34, -47.73, -46.39, -46.95, -46.48, -47.04, -46.76, -47.90, -47.66, -46.45, -46.82, -47.13, -48.15, -46.68, -46.78, -46.89, -46.74, -47.15, -47.41, -47.33, -47.40, -46.78, -48.08, -47.55, -46.99, -46.72, -48.00, -48.04, -46.83, -46.96, -47.40, -47.22, -47.26, -47.16, -47.09, -46.05, -37.59, -43.43, -46.53, -46.91, -47.24, -46.65, -48.09, -46.17, -46.64, -46.29, -48.10, -46.45, -47.31, -47.23, -46.43, -47.01, -46.42, -47.25, -46.47, -46.97, -47.44, -47.60, -46.53, -47.23, -47.18, -47.09, -46.81, -47.00, -47.49, -47.17, -46.85, -46.85, -47.22, -47.15, -47.63, -48.26, -46.65, -47.73, -46.93, -47.07, -46.67, -46.97, -46.86, -46.73, -46.27, -47.38, -46.14, -46.84, -46.16, -45.40, -44.68, -45.83, -46.24, -45.95, -46.88, -46.67, -46.28, -46.65, -47.20, -46.82, -46.47, -47.63, -46.97, -47.64, -47.05, -47.32, -47.01, -47.36, -47.17, -46.70, -46.71, -38.83, -45.82, -47.28, -46.85, -46.18, -46.83, -46.88, -46.34, -47.14, -46.47, -45.57, -45.61, -45.06, -43.99, -41.32, -43.15, -43.78, -44.60, -45.22, -42.83, -44.64, -46.37, -46.82, -45.43, -46.20, -46.24, -46.30, -46.02, -45.62, -46.77, -46.55, -46.55, -47.33, -46.24, -46.28, -46.90, -46.92, -47.18, -47.77, -45.82, -46.29, -47.03, -47.42, -46.47, -45.88, -46.18, -46.46, -46.40, -46.07, -46.12, -47.18, -46.27, -46.77, -45.84, -47.54, -47.40, -46.33, -46.99, -46.95, -47.20, -47.01, -47.56, -48.26, -47.34, -47.16, -47.04, -47.56, -46.90, -47.19, -46.83, -44.96, -38.58, -41.69, -46.12, -46.24, -46.49, -46.39, -46.70, -47.01, -47.05, -46.34, -46.65, -46.53, -45.70, -46.40, -46.25, -46.42, -46.62, -46.91, -47.00, -46.84, -46.68, -47.06, -46.07, -46.42, -47.26, -46.87, -47.49, -47.26, -47.37, -46.56, -47.00, -46.76, -47.71, -46.66, -46.66, -46.89, -47.55, -47.65, -47.05, -47.90, -48.14, -47.00, -47.55, -47.95, -46.79, -46.80, -44.83, -47.58, -47.40, -47.80, -47.67, -47.88, -48.22, -47.10, -47.63, -47.54, -47.75, -47.01, -47.82, -46.48, -47.31, -47.49, -47.30, -47.95, -47.95, -47.82, -46.47, -47.14, -46.54, -47.77, -44.74, -42.20, -46.51, -47.54, -48.09, -47.90, -48.68, -47.32, -47.33, -46.19, -46.21, -45.60, -44.64, -44.40, -43.33, -40.77, -43.86, -44.33, -45.11, -44.77, -45.05, -43.98, -43.95, -41.27, -38.93, -41.97, -42.10, -42.59, -41.47, -41.99, -42.21, -42.01, -43.74, -43.24, -45.80, -44.99, -46.45, -46.21, -46.34, -46.52, -47.19, -47.59, -47.64, -47.24, -47.51, -47.43, -47.55, -47.53, -47.29, -47.14, -48.30, -46.80, -47.23, -46.78, -47.65, -46.71, -47.07, -47.73, -47.60, -47.49, -47.04, -46.87, -47.75, -47.70, -47.56, -47.57, -47.76, -47.06, -47.57, -47.19, -47.14, -44.63, -45.86, -47.64, -47.32, -47.28, -47.46, -48.02, -48.15, -48.29, -48.19, -48.87, -48.85, -47.81, -47.89, -48.95, -48.54, -48.60, -48.16, -47.50, -48.31, -48.09, -48.06, -48.64, -48.64
2026-10-01, 16:50:37, 96890516, 99109482, 5425.35, 96, -48.57, -48.39, -48.33, -47.87, -48.59, -48.22, -47.72, -49.23, -48.23, -48.84, -48.41, -48.16, -48.64, -48.55, -48.80, -48.21, -49.81, -48.56, -47.27, -48.36, -47.86, -48.25, -48.36, -47.29, -47.26, -48.54, -48.02, -48.57, -47.83, -47.81, -47.83, -47.74, -47.33, -47.28, -47.81, -47.77, -47.97, -47.50, -46.85, -47.57, -46.92, -47.40, -46.61, -46.62, -46.78, -46.87, -46.62, -46.70, -44.52, -44.85, -46.86, -47.23, -47.45, -46.58, -47.07, -47.25, -48.23, -47.81, -47.63, -46.69, -46.84, -47.93, -47.17, -46.03, -43.89, -44.11, -42.91, -42.75, -41.09, -40.00, -40.04, -40.69, -40.63, -40.34, -41.01, -43.27, -42.75, -43.00, -44.05, -42.74, -42.48, -42.76, -44.29, -43.34, -44.30, -46.07, -46.85, -47.30, -46.07, -47.49, -47.00, -48.04, -48.11, -47.35, -47.10, -47.77, -47.37, -47.12, -47.90, -46.92, -47.31, -47.69, -48.04, -47.65, -47.10, -47.85, -47.57, -47.36, -47.12, -47.03, -48.25, -47.10, -46.01, -47.03, -47.69, -47.95, -46.65, -47.53, -47.43, -44.32, -46.08, -47.75, -46.98, -47.50, -47.35, -47.93, -48.17, -47.66, -48.43, -47.34, -47.45, -47.45, -47.37, -47.93, -47.05, -47.55, -48.93, -47.02, -48.34, -46.97, -47.72, -48.03, -46.94, -47.73, -47.23, -45.59, -46.04, -45.25, -43.63, -42.33, -41.87, -42.28, -44.36, -44.26, -45.90, -45.86, -46.79, -47.02, -46.69, -46.98, -46.74, -47.30, -47.26, -47.77, -46.61, -47.74, -47.26, -47.11, -47.37, -47.19, -47.07, -47.09, -47.56, -46.58, -47.56, -47.66, -47.51, -47.39, -48.01, -47.64, -47.29, -46.84, -47.21, -47.44, -47.75, -47.00, -47.35, -46.97, -47.25, -47.48, -42.34, -47.55, -47.29, -46.78, -47.32, -48.21, -47.61, -47.60, -46.32, -47.61, -47.28, -47.33, -48.21, -47.40, -47.47, -46.79, -46.79, -46.80, -48.21, -47.58, -48.18, -47.46, -47.56, -46.54, -47.36, -47.17, -48.92, -48.33, -47.03, -46.65, -48.96, -48.01, -47.21, -47.68, -46.76, -47.00, -46.78, -47.15, -47.41, -47.28, -47.83, -46.93, -47.59, -47.32, -46.62, -47.61, -47.43, -47.11, -46.87, -47.33, -47.55, -48.16, -47.43, -47.09, -47.05, -46.92, -48.14, -47.85, -46.69, -47.06, -46.78, -47.07, -47.45, -46.63, -47.03, -46.87, -45.98, -46.04, -45.93, -44.76, -42.83, -32.46, -44.84, -45.32, -45.39, -46.36, -46.87, -46.37, -46.96, -47.33, -46.68, -46.94, -47.62, -47.17, -47.21, -47.86, -47.54, -47.13, -47.42, -47.46, -46.62, -47.64, -47.64, -46.94, -47.20, -47.59, -47.01, -46.97, -47.81, -47.43, -46.57, -48.54, -47.49, -47.66, -47.40, -47.29, -45.40, -47.12, -46.40, -45.92, -46.59, -45.97, -46.10, -46.00, -45.25, -45.87, -45.78, -46.37, -45.62, -46.82, -45.78, -45.63, -45.31, -46.35, -46.78, -47.18, -46.94, -46.82, -46.59, -46.05, -45.94, -45.68, -45.39, -44.29, -43.57, -43.03, -41.78, -40.62, -38.74, -35.07, -33.51, -33.23, -32.10, -32.40, -34.29, -34.62, -33.78, -34.41, -33.92, -37.83, -41.73, -43.77, -44.96, -43.83, -45.62, -45.71, -46.00, -47.16, -46.93, -46.80, -45.98, -47.51, -47.06, -46.44, -46.63, -46.90, -45.74, -46.01, -45.63, -45.56, -45.73, -46.53, -46.60, -45.90, -45.58, -45.13, -46.17, -45.35, -45.76, -46.23, -45.50, -46.01, -47.06, -47.68, -46.46, -46.47, -47.07, -47.00, -47.06, -47.04, -47.37, -47.47, -46.91, -47.73, -47.21, -46.88, -47.61, -47.47, -47.36, -48.22, -48.49, -47.44, -46.69, -47.12, -47.94, -48.11, -47.47, -48.71, -47.77, -47.23, -48.07, -47.51, -45.96, -47.29, -48.08, -48.10, -47.33, -48.54, -48.18, -47.42, -47.42
2026-10-01, 16:50:37, 99112738, 101331704, 5425.35, 96, -44.97, -45.23, -45.85, -46.30, -46.43, -46.39, -46.27, -46.25, -46.94, -47.35, -46.01, -46.35, -47.34, -46.53, -45.31, -45.31, -45.62, -44.07, -43.88, -45.28, -44.13, -44.02, -44.37, -44.33, -44.13, -46.35, -45.27, -46.17, -45.34, -46.15, -46.38, -46.16, -45.74, -45.09, -46.68, -44.61, -44.90, -45.44, -45.20, -44.33, -45.81, -45.57, -45.10, -45.56, -46.62, -45.89, -46.77, -45.80, -46.87, -47.02, -46.00, -46.44, -45.94, -46.16, -46.43, -46.45, -45.42, -46.20, -47.25, -45.66, -43.79, -45.81, -43.48, -42.88, -42.24, -43.56, -42.35, -43.97, -41.08, -40.37, -40.56, -40.51, -39.10, -42.26, -42.01, -41.07, -41.79, -42.65, -44.01, -44.01, -43.77, -44.60, -44.36, -45.28, -44.95, -45.61, -45.73, -46.11, -46.59, -46.88, -46.96, -45.97, -46.15, -47.62, -46.49, -46.80, -46.62, -46.20, -46.87, -46.39, -45.95, -46.20, -45.85, -45.65, -46.67, -45.05, -45.11, -46.05, -45.86, -45.88, -46.62, -46.74, -44.40, -46.25, -46.50, -46.11, -46.97, -45.39, -45.31, -45.38, -44.75, -44.30, -45.79, -46.27, -45.85, -45.51, -46.31, -46.33, -46.19, -45.22, -45.86, -46.74, -46.69, -45.90, -44.77, -43.47, -46.28, -45.35, -46.27, -46.36, -46.78, -45.57, -46.21, -46.38, -45.71, -46.07, -44.81, -45.09, -45.13, -45.45, -44.01, -44.24, -43.31, -43.96, -44.71, -46.17, -45.03, -45.75, -45.10, -46.16, -46.36, -47.03, -46.16, -47.23, -45.13, -43.54, -46.54, -46.08, -46.13, -47.04, -46.20, -46.52, -46.58, -46.27, -46.62, -45.98, -46.75, -45.70, -45.53, -45.67, -46.06, -46.59, -46.39, -45.72, -45.75, -45.44, -46.22, -46.36, -46.14, -45.94, -46.20, -45.76, -46.17, -45.39, -45.69, -45.35, -45.67, -45.89, -45.54, -45.81, -44.64, -44.87, -44.80, -44.35, -45.21, -46.47, -46.47, -45.43, -45.12, -46.00, -46.23, -46.60, -47.08, -46.60, -46.25, -47.01, -46.87, -46.10, -47.22, -46.15, -46.17, -45.76, -46.27, -46.02, -45.85, -46.38, -45.61, -45.96, -45.54, -45.87, -45.82, -46.12, -45.38, -45.72, -45.26, -46.01, -45.62, -46.07, -45.52, -46.47, -46.35, -45.88, -45.49, -46.41, -46.28, -46.61, -45.65, -46.72, -46.20, -46.74, -46.62, -45.79, -45.87, -45.74, -46.73, -45.34, -46.49, -45.69, -46.00, -45.95, -45.48, -45.81, -44.64, -45.26, -45.83, -46.26, -46.61, -46.55, -45.90, -46.08, -47.03, -46.33, -46.63, -46.08, -45.94, -45.36, -45.26, -46.11, -45.35, -45.12, -45.14, -44.95, -44.14, -45.15, -44.61, -45.15, -44.66, -45.04, -45.39, -45.97, -45.95, -45.09, -44.83, -46.12, -44.72, -44.38, -44.51, -44.90, -44.88, -45.56, -45.64, -44.05, -44.04, -45.03, -45.21, -45.63, -44.79, -44.53, -45.73, -45.70, -45.17, -45.34, -44.78, -44.81, -45.30, -45.25, -44.88, -45.02, -44.90, -44.09, -44.40, -44.14, -43.81, -44.28, -43.53, -44.10, -43.87, -43.76, -42.97, -42.31, -38.13, -32.08, -32.63, -32.53, -32.46, -31.86, -31.50, -31.38, -31.07, -30.55, -30.80, -31.63, -30.58, -33.42, -39.16, -38.85, -39.36, -38.16, -38.51, -37.07, -36.75, -35.28, -34.73, -31.57, -22.23, -27.13, -25.21, -20.52, -19.20, -17.88, -17.34, -15.94, -15.78, -12.89, -12.11, -12.99, -12.81, -11.76, -17.03, -15.89, -15.20, -16.15, -18.96, -21.02, -22.28, -19.44, -28.90, -31.16, -31.02, -35.08, -36.91, -37.75, -38.81, -38.74, -39.60, -39.80, -40.60, -40.54, -40.89, -41.33, -40.87, -33.36, -32.97, -33.98, -32.96, -33.46, -33.64, -33.53, -34.34, -35.10, -35.26, -34.65, -35.20, -35.33, -41.99, -44.06, -44.46, -44.56, -44.66, -44.95, -44.95
2026-10-01, 16:50:37, 101334960, 103553926, 5425.35, 96, -47.92, -47.18, -47.13, -47.33, -47.65, -46.80, -46.69, -46.20, -38.63, -46.31, -47.40, -47.07, -47.19, -47.37, -47.43, -48.03, -47.58, -47.07, -46.65, -46.63, -47.43, -47.30, -47.63, -46.71, -46.46, -47.72, -46.56, -45.90, -45.89, -45.77, -47.03, -46.33, -46.39, -46.43, -45.58, -47.09, -45.92, -44.90, -45.66, -45.19, -44.92, -45.49, -45.41, -45.46, -45.70, -46.23, -46.06, -46.44, -46.73, -46.74, -47.19, -46.12, -46.22, -46.89, -46.77, -46.73, -47.25, -46.38, -46.87, -46.70, -46.28, -46.14, -46.45, -46.23, -47.14, -46.53, -47.43, -46.13, -46.44, -46.70, -46.34, -47.96, -45.90, -46.83, -47.21, -46.42, -46.71, -46.66, -46.15, -45.62, -47.13, -47.10, -46.82, -47.39, -46.72, -46.57, -46.85, -46.10, -46.63, -47.52, -45.57, -46.05, -46.51, -46.51, -45.79, -46.48, -46.50, -46.46, -47.03, -45.09, -46.15, -46.25, -46.39, -46.04, -45.31, -45.38, -46.27, -46.16, -46.08, -45.22, -45.82, -46.34, -45.75, -44.36, -45.65, -45.13, -45.87, -45.91, -45.60, -45.35, -45.23, -45.13, -44.67, -45.07, -45.57, -45.40, -46.04, -46.43, -46.57, -47.37, -47.30, -46.86, -45.84, -46.97, -45.82, -47.18, -46.45, -47.17, -46.57, -47.17, -45.43, -45.73, -46.02, -46.19, -45.87, -46.00, -45.97, -45.38, -45.90, -45.18, -45.26, -45.79, -45.31, -45.07, -46.51, -46.10, -46.28, -44.93, -45.18, -45.27, -45.68, -45.46, -45.92, -45.17, -45.14, -45.81, -45.19, -44.98, -45.38, -44.31, -43.47, -43.65, -43.84, -44.34, -45.04, -45.10, -44.47, -45.01, -45.27, -45.61, -46.43, -45.37, -45.62, -45.28, -46.84, -45.24, -45.30, -45.39, -45.89, -46.22, -45.70, -45.55, -46.48, -46.08, -46.16, -45.73, -45.75, -45.53, -46.40, -45.73, -46.19, -46.39, -45.68, -44.22, -43.81, -44.33, -44.33, -43.58, -42.13, -41.16, -41.48, -41.08, -41.78, -41.44, -42.41, -42.89, -42.13, -41.66, -41.53, -42.00, -42.57, -42.64, -43.72, -43.58, -43.23, -43.64, -43.77, -43.96, -45.94, -45.64, -46.12, -46.46, -46.35, -45.89, -46.13, -46.27, -47.04, -45.89, -46.66, -46.30, -45.86, -45.97, -45.70, -45.60, -45.97, -45.79, -46.20, -46.06, -45.97, -45.34, -44.42, -42.86, -43.27, -40.73, -42.53, -42.47, -42.84, -44.03, -45.03, -45.98, -45.41, -46.68, -45.92, -46.19, -45.76, -45.99, -45.74, -46.13, -45.73, -45.59, -46.22, -46.58, -46.26, -47.41, -46.14, -46.17, -46.25, -45.99, -46.76, -46.15, -46.14, -45.56, -44.68, -46.83, -45.61, -45.17, -44.81, -45.32, -45.62, -45.27, -46.43, -43.05, -46.22, -46.75, -46.78, -46.91, -46.07, -46.09, -46.70, -47.01, -46.19, -46.86, -45.80, -45.94, -45.46, -45.63, -45.03, -45.31, -46.51, -46.15, -46.58, -46.85, -46.90, -46.47, -46.68, -46.81, -46.01, -47.12, -46.61, -46.44, -46.37, -45.83, -46.01, -44.70, -39.95, -39.01, -42.80, -41.87, -41.10, -41.44, -41.39, -39.66, -35.67, -32.87, -32.12, -29.59, -32.09, -31.32, -32.28, -35.73, -35.99, -39.37, -39.37, -41.71, -44.60, -45.31, -45.43, -46.00, -46.51, -46.09, -46.38, -45.79, -45.44, -46.41, -46.01, -46.82, -46.12, -46.81, -45.56, -44.97, -45.59, -45.94, -45.03, -45.11, -44.72, -45.12, -44.38, -44.70, -43.77, -45.06, -44.71, -45.96, -45.96, -46.20, -46.55, -45.71, -46.56, -46.41, -46.72, -47.13, -46.25, -45.78, -45.54, -45.22, -45.44, -45.45, -45.31, -45.79, -45.82, -45.80, -46.18, -46.38, -45.93, -47.81, -47.96, -47.61, -47.76, -47.70, -46.95, -48.17, -47.07, -45.86, -47.33, -46.34, -47.19, -45.62, -42.33, -41.77, -45.14, -43.69, -43.69
2026-10-01, 16:50:37, 103557182, 105776148, 5425.35, 96, -46.29, -48.06, -46.51, -47.50, -47.02, -48.40, -48.67, -47.19, -47.56, -47.35, -47.71, -47.49, -46.15, -46.61, -45.07, -42.10, -43.33, -42.65, -40.48, -40.81, -40.34, -40.05, -39.49, -39.98, -39.72, -39.62, -39.43, -39.39, -39.52, -39.21, -40.58, -40.02, -41.83, -41.30, -42.58, -43.02, -43.23, -44.40, -44.13, -44.13, -46.08, -45.47, -46.45, -46.12, -47.63, -46.52, -46.15, -45.96, -46.76, -45.93, -47.19, -47.40, -46.39, -47.81, -45.96, -46.66, -46.84, -46.59, -47.46, -47.25, -47.15, -47.17, -47.13, -47.03, -47.89, -48.11, -47.81, -47.56, -46.24, -47.39, -47.20, -47.30, -47.53, -47.28, -46.36, -47.46, -46.81, -46.71, -47.38, -46.69, -46.75, -46.73, -45.14, -47.35, -46.94, -47.86, -47.50, -47.18, -47.12, -47.35, -47.70, -47.76, -47.50, -46.64, -46.74, -46.61, -46.41, -47.51, -47.07, -46.12, -44.29, -43.57, -44.90, -46.37, -45.83, -46.64, -47.01, -46.74, -47.47, -47.32, -47.05, -48.15, -47.02, -47.32, -47.40, -46.27, -46.23, -47.18, -46.50, -47.62, -46.69, -46.87, -47.06, -46.66, -46.77, -47.74, -47.39, -46.56, -46.88, -45.90, -45.80, -46.89, -46.69, -47.54, -46.91, -45.82, -46.79, -45.93, -46.40, -46.79, -46.78, -46.91, -46.94, -46.49, -47.01, -45.99, -46.47, -46.32, -46.20, -45.95, -45.78, -47.40, -46.00, -46.21, -45.74, -46.09, -45.85, -46.70, -45.85, -46.55, -45.87, -47.36, -46.34, -46.27, -46.02, -46.73, -46.22, -46.47, -46.43, -46.92, -46.40, -46.69, -45.50, -45.32, -44.74, -40.88, -40.30, -39.42, -40.28, -39.52, -39.39, -39.51, -39.64, -39.74, -39.84, -39.57, -40.20, -40.28, -39.93, -40.78, -41.94, -43.60, -44.06, -44.43, -44.20, -42.68, -41.30, -39.23, -36.31, -33.91, -32.57, -31.99, -30.52, -30.86, -29.98, -27.68, -27.68, -26.02, -24.09, -22.91, -22.57, -18.23, -22.02, -21.99, -25.22, -26.19, -27.58, -29.65, -29.03, -30.84, -31.69, -31.80, -32.18, -34.48, -35.81, -37.71, -40.39, -41.67, -44.01, -44.74, -44.08, -43.93, -43.48, -39.87, -40.44, -39.87, -39.77, -40.86, -39.19, -39.60, -40.04, -40.06, -40.34, -39.33, -39.16, -41.27, -41.03, -40.81, -43.50, -45.81, -45.89, -45.62, -46.62, -46.33, -46.14, -46.81, -46.27, -47.49, -46.45, -46.20, -47.69, -46.71, -46.43, -46.88, -45.70, -46.92, -46.08, -47.06, -46.67, -47.43, -46.42, -46.25, -46.86, -46.38, -46.21, -46.64, -47.12, -46.78, -46.66, -46.62, -46.81, -46.57, -46.28, -47.09, -46.36, -47.36, -46.36, -47.89, -47.14, -47.03, -46.88, -46.67, -46.41, -45.86, -46.84, -45.56, -46.66, -46.95, -47.31, -47.51, -46.26, -46.78, -47.29, -46.65, -47.93, -47.33, -47.27, -47.67, -46.96, -47.28, -47.31, -47.22, -47.33, -46.85, -47.24, -46.38, -46.45, -47.82, -47.53, -46.90, -46.86, -47.26, -46.88, -46.70, -47.45, -47.62, -47.67, -46.46, -47.28, -47.06, -47.87, -47.62, -47.07, -46.87, -47.76, -47.75, -48.15, -46.66, -47.70, -47.69, -47.82, -47.11, -47.11, -47.11, -46.69, -46.32, -45.83, -46.75, -47.79, -46.42, -46.47, -44.99, -45.69, -44.95, -45.06, -43.94, -44.10, -42.70, -41.49, -40.67, -43.85, -43.50, -44.01, -44.55, -42.96, -44.23, -44.57, -46.19, -47.18, -45.59, -46.13, -47.55, -46.08, -47.44, -46.58, -46.61, -47.57, -46.77, -47.57, -47.64, -47.36, -47.94, -47.40, -48.89, -48.36, -48.21, -47.85, -47.08, -48.34, -48.47, -47.42, -47.80, -48.19, -47.96, -47.99, -47.90, -47.91, -47.39, -47.56, -47.84, -47.88, -47.58, -47.67, -48.70, -47.27, -48.00, -47.28, -47.82, -48.38, -48.59, -48.59
2026-10-01, 16:50:37, 105779404, 107998370, 5425.35, 96, -48.58, -48.03, -48.76, -49.42, -48.23, -48.66, -48.07, -48.48, -48.55, -48.62, -48.58, -48.19, -48.06, -47.55, -48.07, -48.43, -47.81, -48.35, -47.31, -48.09, -48.14, -48.32, -48.58, -47.99, -47.65, -48.29, -48.02, -48.23, -47.44, -47.87, -47.46, -47.56, -47.15, -48.00, -47.05, -46.87, -47.23, -48.01, -45.77, -46.05, -47.74, -47.85, -47.13, -46.50, -47.14, -46.50, -47.13, -46.45, -47.61, -46.97, -48.53, -47.25, -48.23, -47.17, -46.59, -46.60, -46.50, -47.57, -47.28, -46.68, -47.10, -47.35, -46.95, -46.73, -46.90, -47.29, -46.59, -47.37, -47.43, -46.47, -47.64, -46.64, -47.37, -46.95, -47.62, -46.96, -47.28, -47.05, -48.09, -46.45, -47.90, -47.90, -46.65, -47.43, -47.00, -47.31, -47.67, -44.82, -46.77, -47.57, -46.36, -47.15, -46.53, -46.14, -46.52, -45.76, -46.21, -46.56, -46.60, -47.20, -46.60, -46.91, -46.95, -46.88, -47.36, -47.58, -47.34, -46.87, -46.77, -46.58, -46.78, -46.33, -46.47, -46.87, -46.82, -46.34, -46.88, -47.37, -47.12, -46.73, -46.81, -47.66, -46.71, -46.46, -47.21, -46.95, -47.04, -46.71, -46.34, -46.90, -46.31, -46.97, -46.71, -46.83, -46.10, -46.92, -45.93, -46.04, -47.36, -46.73, -47.01, -46.82, -46.44, -47.00, -46.87, -46.75, -47.39, -47.94, -46.39, -46.64, -46.91, -46.82, -46.07, -46.61, -46.35, -47.16, -46.69, -46.83, -47.13, -47.09, -46.31, -46.28, -45.65, -46.10, -45.96, -46.66, -46.83, -46.29, -46.67, -46.68, -44.66, -40.80, -40.68, -41.05, -41.01, -40.85, -40.03, -41.01, -40.53, -40.14, -40.58, -40.39, -40.34, -41.05, -44.99, -45.05, -44.40, -44.91, -43.85, -44.29, -44.48, -44.17, -42.46, -41.67, -39.17, -37.67, -36.32, -34.84, -32.64, -32.25, -30.27, -27.81, -25.95, -23.42, -23.34, -21.85, -21.85, -20.83, -22.90, -23.25, -25.80, -25.48, -27.68, -29.35, -31.13, -32.03, -33.65, -35.09, -35.55, -37.69, -38.76, -41.31, -42.07, -43.89, -44.77, -44.91, -45.76, -45.43, -45.63, -45.41, -44.55, -40.65, -40.39, -39.88, -39.19, -39.58, -39.46, -39.98, -39.48, -39.85, -39.67, -40.18, -39.68, -39.63, -44.27, -46.19, -46.88, -47.09, -46.63, -46.24, -46.14, -47.46, -46.93, -46.40, -46.79, -47.37, -47.27, -47.32, -46.48, -47.68, -46.96, -47.24, -47.51, -46.48, -47.54, -46.96, -47.56, -47.70, -46.66, -46.95, -47.64, -45.94, -46.55, -46.71, -45.84, -45.37, -45.51, -45.78, -45.20, -45.10, -44.54, -44.37, -45.25, -44.94, -44.91, -45.29, -45.10, -45.01, -43.99, -45.56, -45.00, -45.50, -46.67, -47.26, -47.21, -47.62, -47.27, -47.44, -47.03, -47.51, -47.02, -46.95, -47.36, -47.20, -47.33, -47.54, -47.92, -47.32, -47.67, -47.63, -47.44, -47.14, -47.93, -46.74, -47.21, -47.16, -46.59, -46.31, -47.13, -46.15, -46.54, -41.10, -47.02, -47.33, -47.79, -48.04, -46.88, -47.89, -47.79, -47.30, -46.24, -46.92, -46.64, -47.34, -46.46, -47.15, -45.51, -45.01, -44.16, -44.05, -42.32, -39.46, -38.49, -36.26, -35.39, -33.45, -32.97, -34.36, -30.83, -30.97, -29.71, -29.81, -29.55, -30.03, -33.24, -32.55, -30.78, -32.54, -31.82, -32.65, -34.01, -34.58, -32.64, -33.56, -32.88, -32.26, -31.55, -35.63, -39.07, -41.23, -43.23, -43.79, -45.76, -46.20, -47.15, -46.81, -46.71, -46.63, -47.06, -47.46, -47.25, -48.11, -47.15, -46.85, -47.66, -46.78, -47.95, -47.63, -47.69, -47.92, -47.66, -48.60, -47.66, -48.52, -48.16, -48.36, -47.81, -47.31, -48.27, -48.15, -47.77, -47.87, -48.41, -48.38, -48.61, -48.37, -47.53, -47.59, -48.07, -47.98, -47.98
2026-10-01, 16:50:39, 88001628, 90220594, 5425.35, 96, -48.23, -47.96, -47.35, -48.31, -47.21, -47.03, -47.02, -46.87, -47.29, -47.74, -47.78, -47.89, -48.50, -47.89, -47.45, -47.04, -44.62, -47.25, -46.88, -46.75, -47.06, -47.18, -46.67, -46.99, -46.92, -46.77, -46.02, -46.79, -46.29, -46.59, -45.77, -45.57, -45.25, -45.34, -46.27, -45.89, -45.89, -46.30, -44.85, -37.33, -43.32, -46.11, -45.98, -46.22, -46.36, -46.13, -46.89, -45.09, -46.09, -45.55, -46.04, -46.77, -45.54, -46.21, -46.60, -46.42, -46.84, -46.52, -46.05, -40.02, -45.79, -45.31, -46.40, -46.88, -46.22, -46.74, -46.50, -46.46, -46.80, -46.32, -47.07, -46.26, -46.05, -46.97, -46.34, -46.52, -46.81, -46.79, -46.35, -47.20, -46.62, -46.25, -45.76, -45.80, -45.76, -46.03, -45.52, -44.99, -45.57, -45.06, -45.33, -44.67, -43.91, -44.34, -45.35, -44.39, -44.34, -44.85, -45.36, -45.13, -46.43, -46.57, -45.62, -46.58, -46.79, -45.73, -45.82, -46.37, -47.13, -46.38, -45.70, -45.27, -45.74, -45.72, -44.96, -45.07, -45.78, -45.53, -45.92, -46.38, -43.56, -35.82, -43.95, -45.17, -46.17, -46.18, -46.25, -45.80, -45.54, -43.95, -40.36, -45.53, -46.55, -46.60, -46.63, -46.44, -46.60, -46.73, -46.47, -47.36, -46.59, -47.10, -46.74, -47.49, -46.70, -47.23, -46.12, -47.31, -46.86, -46.21, -47.41, -46.82, -46.67, -46.90, -47.09, -47.26, -46.58, -47.02, -46.27, -46.24, -45.52, -46.00, -45.92, -46.20, -45.20, -45.31, -44.21, -44.86, -46.43, -45.49, -45.77, -45.86, -46.99, -46.36, -46.39, -46.49, -46.76, -46.38, -46.23, -46.30, -46.62, -47.00, -46.30, -46.12, -46.71, -46.29, -45.85, -46.31, -47.13, -46.02, -46.12, -46.46, -46.60, -46.52, -45.92, -45.79, -46.39, -46.12, -45.83, -45.76, -41.88, -40.92, -45.48, -44.39, -46.19, -47.17, -47.17, -46.61, -46.69, -46.21, -46.10, -46.86, -44.51, -46.36, -46.63, -46.47, -46.49, -46.85, -46.34, -46.41, -46.28, -46.39, -46.62, -46.23, -46.47, -47.40, -46.80, -46.08, -46.19, -45.88, -46.26, -46.08, -47.39, -45.39, -46.47, -45.58, -46.26, -45.64, -46.84, -46.92, -46.52, -46.95, -47.09, -46.11, -46.73, -46.35, -47.24, -46.81, -47.54, -46.17, -46.68, -46.14, -46.36, -46.63, -47.33, -46.50, -46.81, -46.62, -46.91, -47.57, -46.77, -45.96, -46.79, -46.64, -46.64, -47.06, -47.75, -47.11, -46.86, -47.37, -47.11, -42.42, -44.64, -46.50, -46.72, -46.60, -46.44, -46.86, -45.75, -46.25, -46.61, -46.28, -47.04, -46.60, -47.37, -45.87, -45.86, -46.57, -47.11, -46.84, -46.58, -47.21, -46.48, -46.67, -46.46, -46.33, -46.88, -45.84, -45.92, -45.83, -45.31, -43.59, -43.63, -41.21, -40.93, -40.81, -40.08, -39.68, -38.08, -37.02, -38.21, -35.97, -35.28, -35.40, -36.97, -35.97, -36.74, -35.99, -36.64, -36.25, -36.36, -36.67, -37.55, -39.19, -38.73, -38.49, -42.88, -44.01, -44.42, -45.72, -45.82, -45.46, -47.00, -46.57, -46.17, -47.81, -47.18, -47.64, -47.43, -47.31, -47.05, -46.59, -42.11, -47.25, -47.81, -47.87, -45.74, -46.89, -47.38, -47.14, -46.59, -46.54, -47.04, -46.53, -47.14, -47.35, -46.49, -47.34, -46.23, -47.21, -46.69, -47.88, -46.80, -46.68, -47.57, -47.13, -47.40, -46.51, -46.93, -47.48, -47.85, -46.86, -47.18, -47.58, -47.22, -47.08, -48.00, -47.28, -46.88, -46.97, -46.62, -47.53, -46.93, -47.62, -47.10, -47.28, -47.87, -47.32, -46.50, -47.37, -47.02, -47.67, -45.93, -45.82, -46.82, -47.80, -48.23, -47.02, -47.53, -47.34, -47.00, -47.71, -49.31, -48.44, -48.33, -48.22, -47.84, -47.36, -46.83, -47.90, -47.90
2026-10-01, 16:50:39, 90223850, 92442816, 5425.35, 96, -47.97, -47.17, -46.82, -40.97, -45.20, -45.59, -43.82, -43.29, -42.72, -42.14, -42.53, -40.50, -42.98, -40.66, -36.11, -35.43, -39.62, -40.85, -41.45, -42.88, -42.71, -43.32, -43.70, -44.30, -43.82, -42.86, -41.71, -45.88, -46.39, -47.09, -46.83, -47.59, -46.94, -46.69, -47.00, -45.73, -45.95, -46.42, -47.00, -46.29, -45.74, -45.66, -46.68, -45.29, -46.52, -46.22, -46.99, -45.96, -46.20, -46.13, -45.51, -45.94, -45.94, -46.34, -46.11, -45.79, -46.40, -45.87, -46.51, -45.57, -46.26, -45.54, -45.96, -45.83, -45.64, -45.55, -46.31, -44.81, -45.80, -45.28, -45.18, -43.78, -44.10, -44.58, -40.55, -43.20, -42.04, -38.73, -35.50, -34.97, -29.96, -33.00, -31.60, -28.61, -30.20, -29.91, -28.12, -23.98, -12.14, -20.31, -25.86, -29.84, -30.37, -29.50, -32.97, -34.82, -34.63, -32.24, -33.03, -35.66, -39.25, -41.09, -42.39, -42.98, -43.95, -43.78, -44.72, -44.52, -45.37, -45.16, -44.34, -45.26, -45.61, -45.82, -45.26, -46.04, -45.68, -46.18, -45.33, -46.26, -44.85, -46.19, -46.44, -46.33, -45.75, -46.15, -46.05, -46.56, -45.76, -46.15, -46.49, -47.19, -46.93, -46.37, -46.79, -46.16, -46.93, -47.01, -46.96, -46.78, -46.39, -46.09, -46.02, -45.89, -45.76, -41.21, -46.38, -46.34, -45.34, -46.46, -46.13, -46.83, -46.85, -45.51, -46.01, -45.91, -46.76, -46.90, -47.05, -47.00, -46.62, -47.31, -45.82, -46.33, -46.45, -45.87, -45.98, -46.36, -46.40, -46.54, -44.79, -45.67, -47.02, -46.26, -46.58, -46.89, -45.71, -45.49, -45.39, -46.44, -45.87, -46.30, -46.66, -45.56, -45.81, -45.66, -45.91, -45.42, -45.33, -44.19, -43.27, -43.20, -42.96, -41.83, -41.50, -43.13, -41.57, -41.36, -40.52, -40.29, -40.42, -40.20, -40.69, -40.52, -42.57, -43.58, -43.58, -44.37, -45.43, -45.22, -45.87, -46.45, -46.08, -45.87, -46.12, -44.50, -39.64, -46.16, -46.55, -45.17, -45.68, -46.88, -46.15, -45.00, -46.45, -46.41, -46.60, -45.76, -46.30, -45.79, -46.01, -47.21, -45.61, -46.15, -47.22, -45.67, -45.74, -46.12, -46.06, -45.73, -46.53, -45.82, -46.44, -47.37, -45.55, -45.68, -46.58, -45.81, -46.41, -46.02, -46.45, -46.59, -43.74, -45.96, -45.74, -46.09, -46.21, -46.06, -46.76, -45.85, -46.47, -46.15, -46.12, -46.18, -45.92, -47.00, -47.01, -46.47, -46.58, -46.41, -46.24, -46.37, -46.08, -46.28, -46.96, -46.91, -46.05, -46.62, -46.34, -46.23, -46.79, -46.76, -46.15, -46.33, -45.83, -45.42, -40.56, -39.76, -45.12, -45.50, -46.49, -47.11, -46.27, -46.20, -45.67, -47.07, -46.69, -46.36, -46.04, -46.04, -47.26, -43.68, -45.74, -47.01, -46.05, -46.87, -46.46, -46.18, -46.55, -46.46, -45.39, -46.38, -46.45, -46.54, -47.19, -46.17, -47.30, -47.08, -45.72, -46.44, -46.61, -45.91, -46.49, -46.85, -45.95, -46.68, -46.90, -46.73, -47.24, -46.86, -46.95, -46.75, -47.44, -46.22, -44.99, -46.66, -46.96, -45.23, -46.13, -46.40, -46.44, -46.20, -45.25, -44.76, -44.91, -45.35, -45.62, -45.54, -44.96, -44.99, -45.24, -45.11, -46.37, -46.45, -46.38, -46.53, -45.67, -38.26, -41.58, -45.96, -46.63, -46.06, -45.93, -46.72, -46.91, -46.88, -46.64, -46.36, -46.77, -46.30, -46.65, -46.57, -46.40, -46.99, -47.01, -46.31, -45.99, -47.34, -47.27, -46.87, -46.59, -46.43, -46.16, -39.61, -45.27, -46.48, -46.47, -46.25, -45.88, -47.06, -46.75, -44.52, -46.04, -47.27, -46.89, -47.21, -47.53, -46.73, -46.96, -47.10, -47.30, -46.85, -47.52, -46.29, -48.08, -47.64, -48.30, -47.45, -47.38, -47.49, -47.49
2026-10-01, 16:50:39, 92446072, 94665038, 5425.35, 96, -47.49, -46.65, -44.63, -46.04, -46.92, -46.89, -46.77, -47.76, -47.20, -47.24, -47.11, -47.50, -47.08, -47.32, -46.41, -47.27, -46.88, -46.48, -41.55, -41.02, -44.90, -45.85, -46.89, -46.33, -45.53, -45.76, -46.76, -46.22, -46.88, -47.08, -46.32, -47.59, -45.83, -46.80, -46.63, -46.48, -45.99, -46.29, -47.21, -46.36, -46.38, -45.86, -45.75, -46.72, -46.19, -44.88, -44.77, -43.55, -44.16, -45.96, -45.39, -46.09, -45.86, -45.57, -45.78, -46.08, -47.18, -46.06, -46.47, -46.32, -47.22, -46.51, -45.93, -46.45, -46.61, -46.79, -46.16, -45.87, -46.40, -47.45, -46.64, -46.79, -47.05, -46.36, -46.86, -46.21, -46.40, -46.23, -46.89, -46.47, -46.40, -45.98, -46.19, -46.56, -45.65, -46.56, -46.78, -46.83, -46.17, -40.63, -43.64, -46.39, -47.41, -46.60, -45.75, -45.97, -46.37, -45.93, -45.85, -47.14, -46.96, -46.37, -46.29, -47.33, -46.77, -46.04, -46.45, -46.32, -46.25, -46.26, -46.44, -47.10, -46.34, -46.21, -47.86, -46.52, -46.82, -46.85, -46.22, -45.99, -46.49, -46.69, -46.62, -46.48, -46.55, -47.21, -46.27, -46.18, -46.36, -46.52, -45.89, -46.69, -45.78, -46.26, -46.56, -46.50, -46.42, -46.45, -47.17, -45.77, -46.85, -46.29, -47.05, -46.42, -46.53, -45.82, -46.35, -46.10, -45.95, -47.01, -45.81, -46.79, -46.35, -46.06, -46.71, -46.14, -46.25, -46.59, -46.34, -46.68, -39.78, -45.36, -46.67, -46.38, -45.91, -46.84, -46.26, -46.01, -46.94, -46.49, -46.24, -45.72, -46.52, -46.69, -46.54, -46.33, -45.95, -46.42, -45.99, -46.17, -46.43, -45.80, -46.07, -45.82, -46.54, -46.04, -46.26, -46.06, -45.79, -46.26, -46.20, -46.11, -45.79, -46.05, -45.74, -46.27, -46.80, -46.44, -46.34, -46.75, -47.29, -46.62, -46.50, -46.90, -46.43, -46.20, -46.20, -46.71, -47.20, -47.22, -46.43, -46.44, -46.26, -45.81, -46.42, -46.40, -46.27, -45.57, -45.70, -45.27, -46.39, -45.62, -46.11, -44.22, -43.17, -42.34, -41.94, -40.87, -40.14, -39.38, -39.23, -36.58, -37.89, -37.64, -37.53, -36.70, -37.80, -37.93, -37.87, -39.12, -41.26, -41.49, -42.96, -43.88, -44.81, -44.89, -45.26, -46.83, -45.73, -46.52, -46.57, -47.07, -45.97, -46.64, -47.64, -46.06, -46.50, -46.56, -46.32, -46.30, -47.00, -47.29, -46.22, -47.07, -47.07, -47.19, -46.43, -47.08, -46.83, -47.59, -47.76, -46.68, -46.81, -46.84, -47.13, -47.25, -47.55, -47.05, -47.01, -46.37, -46.80, -46.68, -46.89, -47.33, -46.88, -46.89, -46.46, -47.20, -46.97, -47.29, -46.70, -46.52, -47.23, -47.87, -47.03, -47.50, -47.04, -48.25, -47.25, -46.81, -46.62, -43.72, -45.21, -45.84, -46.82, -46.61, -46.27, -47.97, -46.24, -47.61, -46.61, -47.34, -48.30, -47.51, -47.80, -46.86, -47.06, -47.53, -47.78, -47.59, -47.59, -47.63, -48.01, -47.62, -46.96, -47.06, -47.68, -46.91, -47.61, -47.40, -47.40, -48.09, -47.66, -46.79, -47.45, -47.17, -46.99, -47.43, -47.01, -46.98, -47.27, -47.30, -46.96, -46.88, -47.30, -46.90, -47.07, -47.03, -47.73, -47.52, -47.53, -47.39, -47.24, -47.15, -47.31, -46.93, -47.22, -47.47, -47.16, -47.58, -47.28, -46.82, -47.28, -47.39, -47.40, -47.45, -46.80, -47.39, -46.91, -46.20, -46.75, -46.02, -43.18, -43.06, -42.01, -40.68, -40.08, -37.05, -32.98, -29.27, -34.14, -39.10, -41.83, -41.90, -45.28, -45.97, -44.37, -47.14, -47.72, -47.94, -47.06, -47.77, -47.83, -47.82, -47.65, -48.58, -49.51, -48.15, -48.65, -48.64, -48.42, -48.59, -48.51, -48.28, -47.64, -48.19, -48.32, -48.70, -49.22, -48.62, -48.62
2026-10-01, 16:50:39, 94668294, 96887260, 5425.35, 96, -48.35, -48.41, -48.11, -47.87, -48.29, -47.80, -47.34, -47.57, -48.34, -48.56, -48.60, -47.70, -47.25, -48.28, -47.80, -46.81, -47.35, -47.30, -46.89, -48.51, -47.87, -47.13, -47.01, -47.67, -46.79, -47.09, -47.83, -46.64, -46.36, -46.19, -46.08, -46.34, -45.59, -42.52, -43.50, -46.37, -45.79, -47.15, -46.93, -47.34, -46.37, -46.55, -47.07, -45.78, -45.78, -46.70, -46.66, -46.14, -46.42, -46.66, -46.58, -46.30, -47.36, -45.74, -46.06, -47.20, -46.45, -47.12, -46.61, -46.69, -46.50, -45.43, -47.00, -48.38, -48.16, -47.01, -46.53, -47.13, -46.76, -47.41, -47.35, -47.08, -46.30, -47.76, -47.09, -47.92, -47.11, -46.57, -46.52, -47.32, -47.03, -46.94, -47.11, -47.25, -47.30, -48.00, -47.12, -46.23, -46.46, -46.68, -46.44, -46.73, -47.10, -47.51, -46.43, -47.24, -47.32, -46.59, -47.00, -47.12, -47.03, -46.32, -46.63, -45.13, -37.50, -43.75, -46.04, -46.55, -46.66, -46.92, -46.19, -46.79, -47.64, -47.93, -46.32, -47.48, -46.95, -46.93, -47.68, -47.03, -47.28, -47.09, -45.85, -45.89, -46.78, -47.08, -46.14, -47.35, -47.09, -47.63, -46.97, -47.17, -47.95, -47.40, -47.46, -46.99, -47.06, -46.98, -47.26, -46.08, -46.95, -46.96, -47.23, -46.57, -47.06, -46.32, -46.57, -46.17, -46.43, -47.36, -46.86, -46.51, -45.17, -45.59, -44.72, -45.73, -45.99, -46.97, -46.62, -45.96, -46.83, -46.70, -45.73, -46.58, -46.19, -46.13, -46.38, -46.18, -47.05, -45.44, -46.67, -47.20, -46.43, -47.04, -46.10, -39.54, -45.71, -45.55, -46.65, -46.63, -45.51, -46.59, -46.25, -45.54, -45.53, -45.92, -45.23, -44.44, -44.17, -43.97, -44.07, -43.64, -44.66, -45.15, -44.54, -44.45, -46.95, -46.54, -46.68, -45.91, -45.10, -46.49, -46.02, -45.75, -46.79, -47.09, -47.09, -47.35, -47.01, -47.41, -47.33, -46.99, -47.25, -47.03, -47.20, -46.49, -46.01, -45.93, -45.82, -46.31, -45.65, -46.82, -45.42, -45.96, -46.23, -46.18, -45.73, -46.58, -47.45, -46.61, -46.14, -46.63, -46.31, -45.76, -47.03, -46.50, -46.66, -47.54, -46.46, -47.13, -46.58, -46.28, -46.47, -46.38, -46.09, -44.89, -38.84, -42.47, -45.78, -45.75, -45.93, -46.44, -46.36, -46.36, -47.96, -46.55, -46.76, -47.65, -47.05, -46.31, -46.37, -45.91, -46.17, -45.83, -45.82, -46.41, -46.84, -47.93, -45.74, -45.89, -45.57, -46.53, -46.67, -46.31, -46.60, -46.97, -47.06, -48.29, -47.31, -47.06, -46.43, -46.94, -47.01, -46.57, -47.88, -47.87, -47.18, -46.97, -47.15, -47.03, -47.40, -48.25, -45.36, -47.84, -46.23, -48.08, -46.72, -46.85, -47.12, -47.02, -47.29, -46.15, -47.14, -47.39, -48.08, -47.48, -46.99, -47.90, -46.83, -47.46, -46.45, -47.23, -46.93, -47.37, -46.83, -47.60, -44.26, -41.95, -47.40, -47.44, -47.86, -47.78, -47.48, -46.70, -47.30, -47.27, -45.47, -45.35, -45.05, -43.93, -44.42, -44.87, -45.00, -44.20, -44.35, -43.16, -43.21, -40.72, -39.74, -40.17, -41.09, -40.99, -41.13, -41.69, -42.15, -42.00, -43.18, -43.23, -45.15, -45.56, -46.23, -46.41, -46.57, -46.63, -46.80, -47.16, -47.26, -47.30, -47.40, -48.52, -47.11, -47.37, -46.73, -46.85, -46.91, -46.78, -48.57, -47.27, -48.01, -47.62, -47.30, -47.61, -47.26, -47.36, -47.09, -47.69, -47.60, -47.37, -46.94, -47.07, -47.48, -48.45, -47.77, -47.43, -47.21, -47.79, -46.80, -44.24, -47.23, -46.69, -47.58, -47.18, -48.06, -47.56, -48.80, -48.05, -48.18, -47.57, -47.82, -48.06, -48.16, -48.89, -48.08, -47.98, -48.25, -47.68, -47.77, -48.16, -47.85, -48.04, -48.04
2026-10-01, 16:50:39, 96890516, 99109482, 5425.35, 96, -48.47, -47.72, -48.24, -47.74, -48.12, -48.16, -48.49, -48.55, -48.32, -48.47, -49.14, -48.24, -49.21, -49.16, -49.15, -48.74, -48.45, -48.64, -47.84, -47.86, -48.60, -48.19, -47.87, -48.05, -48.33, -47.05, -48.08, -48.07, -47.78, -48.29, -47.69, -47.06, -47.62, -46.88, -46.38, -46.53, -47.67, -48.03, -47.26, -46.93, -47.84, -46.83, -47.07, -47.19, -46.61, -47.06, -46.50, -46.28, -43.75, -44.88, -47.07, -47.35, -47.11, -47.59, -47.17, -46.77, -48.21, -47.84, -47.89, -47.66, -47.65, -47.04, -46.33, -46.13, -45.60, -44.65, -42.97, -42.29, -43.13, -41.06, -40.88, -41.09, -41.93, -41.51, -42.15, -42.17, -41.97, -41.08, -40.33, -41.28, -41.47, -43.77, -45.45, -46.14, -46.43, -47.60, -47.37, -47.78, -47.22, -48.21, -47.24, -47.00, -48.20, -47.53, -48.75, -47.57, -47.22, -47.25, -48.34, -47.67, -47.56, -46.98, -46.44, -47.60, -48.18, -47.45, -47.33, -46.93, -47.45, -46.52, -47.09, -47.67, -46.09, -47.28, -47.14, -47.95, -47.57, -47.32, -47.50, -44.62, -47.05, -47.70, -48.19, -47.50, -47.65, -48.26, -48.13, -47.98, -47.67, -47.87, -47.39, -47.40, -47.01, -47.78, -48.74, -48.07, -48.82, -47.80, -47.42, -46.34, -48.09, -46.96, -47.67, -45.55, -45.98, -45.82, -43.93, -43.96, -43.12, -42.96, -42.41, -43.80, -43.73, -45.50, -45.30, -45.78, -46.58, -47.02, -46.94, -46.85, -47.27, -47.50, -47.61, -47.50, -47.84, -48.13, -46.50, -47.73, -47.13, -47.29, -46.91, -46.72, -46.96, -47.36, -47.28, -47.33, -48.14, -46.94, -47.14, -46.77, -47.48, -47.51, -46.49, -47.45, -47.14, -47.62, -47.08, -46.84, -47.36, -47.49, -42.11, -47.13, -47.63, -47.17, -46.95, -47.01, -47.52, -48.24, -47.68, -47.88, -46.19, -47.06, -46.87, -47.48, -46.88, -47.50, -47.50, -47.52, -46.86, -46.72, -47.03, -47.98, -47.71, -47.40, -47.64, -47.16, -47.06, -47.59, -47.40, -46.64, -47.09, -47.05, -47.44, -47.33, -47.23, -47.45, -47.32, -47.94, -46.82, -47.01, -47.64, -48.42, -47.52, -47.25, -46.88, -47.36, -46.48, -47.72, -47.53, -47.21, -46.76, -48.09, -47.52, -47.91, -47.02, -47.16, -47.37, -47.62, -47.91, -47.48, -46.38, -45.95, -46.97, -47.65, -46.25, -46.21, -46.39, -46.05, -46.37, -45.90, -43.22, -32.89, -44.48, -45.43, -46.31, -47.10, -47.48, -47.57, -46.62, -47.14, -46.74, -47.45, -47.75, -47.92, -47.08, -46.96, -47.86, -47.19, -46.91, -47.02, -46.84, -47.92, -47.50, -46.80, -47.27, -47.23, -47.39, -47.48, -47.14, -47.68, -47.46, -47.24, -47.22, -47.13, -47.26, -47.75, -44.52, -46.78, -45.40, -46.64, -45.41, -45.97, -46.28, -46.21, -46.19, -44.76, -45.88, -45.92, -46.07, -46.03, -46.53, -46.39, -45.88, -47.42, -47.18, -46.57, -46.05, -45.80, -46.33, -45.62, -44.06, -41.08, -37.72, -38.90, -38.26, -37.74, -36.96, -34.02, -36.10, -35.67, -36.16, -35.97, -34.96, -35.33, -35.81, -35.00, -35.69, -36.85, -36.39, -37.62, -37.76, -38.85, -39.60, -40.23, -41.22, -41.24, -41.16, -42.90, -46.09, -46.58, -46.27, -47.92, -46.67, -46.46, -47.05, -45.91, -45.83, -45.52, -44.95, -45.93, -45.89, -45.27, -46.10, -44.83, -45.78, -45.90, -45.93, -45.94, -45.14, -44.84, -46.12, -46.31, -46.94, -46.54, -45.79, -46.84, -47.15, -46.66, -47.37, -47.30, -46.98, -47.58, -46.91, -47.63, -47.44, -47.33, -47.81, -47.12, -47.77, -47.66, -47.56, -47.53, -48.83, -47.53, -48.14, -47.93, -48.67, -48.46, -48.61, -47.73, -48.98, -48.29, -46.68, -46.70, -47.52, -47.09, -47.22, -47.74, -48.18, -47.31, -47.31
2026-10-01, 16:50:39, 99112738, 101331704, 5425.35, 96, -45.98, -46.53, -45.33, -46.76, -46.24, -46.58, -45.82, -46.17, -47.34, -47.25, -46.60, -46.91, -47.07, -46.80, -45.52, -45.33, -45.50, -44.73, -44.66, -45.07, -44.62, -44.74, -44.30, -43.16, -44.70, -45.07, -45.07, -45.62, -47.22, -47.37, -46.12, -46.12, -46.72, -46.41, -46.88, -45.48, -45.32, -45.87, -44.79, -42.12, -44.68, -45.83, -45.59, -45.95, -45.95, -47.34, -46.44, -46.37, -46.81, -47.65, -46.58, -46.65, -46.49, -46.10, -46.47, -45.48, -45.62, -47.01, -47.07, -45.93, -44.00, -45.71, -45.38, -44.94, -43.78, -44.80, -42.89, -42.06, -42.39, -41.39, -41.29, -41.00, -34.25, -41.53, -41.70, -41.98, -43.25, -43.95, -44.02, -44.20, -44.81, -45.82, -45.98, -45.75, -45.33, -46.83, -46.88, -46.93, -44.99, -46.12, -46.64, -46.75, -46.65, -47.33, -46.65, -46.64, -46.69, -46.20, -46.44, -46.35, -45.51, -45.84, -46.37, -45.83, -45.84, -45.00, -46.16, -46.40, -46.49, -46.84, -47.20, -46.61, -45.48, -46.59, -47.37, -45.85, -46.45, -45.70, -46.35, -46.20, -45.73, -42.01, -45.52, -45.93, -45.59, -46.20, -45.89, -46.53, -46.54, -46.23, -47.09, -46.96, -45.84, -46.72, -45.15, -44.30, -45.61, -47.06, -46.36, -46.28, -46.65, -46.75, -47.11, -47.16, -45.32, -46.77, -46.05, -44.40, -45.77, -45.02, -44.80, -45.07, -43.86, -44.62, -41.05, -46.95, -46.54, -46.16, -45.37, -46.16, -46.18, -46.13, -46.89, -46.05, -45.68, -43.61, -46.22, -46.24, -46.96, -46.20, -45.15, -45.65, -45.75, -46.22, -46.83, -46.47, -45.96, -46.18, -46.45, -45.96, -45.27, -46.40, -46.14, -45.64, -46.01, -46.71, -44.74, -44.84, -46.65, -45.64, -45.64, -46.37, -45.88, -45.70, -46.20, -46.66, -45.59, -46.18, -46.14, -45.44, -44.87, -45.59, -45.63, -41.41, -45.48, -45.13, -45.13, -46.16, -46.35, -46.99, -46.35, -46.05, -46.72, -46.37, -46.42, -45.53, -46.08, -46.30, -46.76, -46.04, -46.29, -46.28, -46.39, -45.33, -45.82, -46.61, -46.13, -45.77, -46.07, -46.37, -46.14, -45.64, -46.56, -45.45, -46.32, -45.41, -43.77, -45.88, -45.72, -45.59, -46.05, -45.82, -45.17, -45.21, -44.75, -45.82, -46.44, -45.62, -45.88, -45.65, -45.38, -46.16, -45.99, -45.51, -45.18, -45.39, -45.23, -45.60, -45.30, -45.14, -45.44, -46.60, -45.72, -45.53, -46.19, -46.49, -46.72, -46.57, -46.64, -47.58, -46.47, -46.77, -46.69, -45.80, -45.45, -45.27, -44.44, -45.40, -46.64, -46.29, -45.85, -45.27, -44.40, -44.94, -45.43, -42.13, -46.04, -46.16, -45.73, -46.31, -45.39, -45.00, -45.72, -44.45, -44.39, -44.91, -44.89, -44.82, -44.52, -45.40, -45.31, -45.13, -44.85, -45.01, -46.31, -45.33, -45.61, -45.22, -46.46, -45.46, -45.58, -44.75, -44.91, -45.37, -45.34, -45.53, -45.56, -45.80, -44.42, -45.13, -44.97, -44.55, -44.85, -44.77, -44.55, -44.15, -44.63, -43.54, -42.61, -41.75, -37.60, -32.64, -32.29, -31.62, -31.81, -32.69, -31.29, -31.64, -30.27, -30.40, -30.48, -30.43, -31.44, -33.35, -39.66, -40.23, -39.75, -40.30, -40.46, -39.79, -39.16, -38.95, -37.92, -37.32, -36.18, -35.84, -33.85, -29.83, -30.10, -27.67, -22.11, -16.90, -15.56, -15.66, -13.17, -14.05, -13.75, -5.92, -18.50, -18.57, -16.98, -19.15, -20.73, -23.31, -27.50, -29.78, -33.88, -33.13, -35.91, -37.53, -38.07, -38.65, -39.27, -39.62, -39.96, -40.47, -40.81, -40.97, -41.20, -40.78, -39.76, -33.21, -33.71, -33.53, -33.26, -32.78, -33.85, -34.12, -34.03, -33.92, -34.65, -35.11, -34.56, -35.55, -41.77, -43.93, -44.40, -44.75, -44.64, -44.91, -44.91
2026-10-01, 16:50:39, 101334960, 103553926, 5425.35, 96, -46.31, -46.89, -46.82, -46.62, -46.96, -46.70, -47.93, -45.72, -38.14, -46.03, -46.25, -47.58, -46.66, -47.07, -47.47, -47.31, -47.47, -47.04, -46.83, -47.61, -46.95, -46.55, -47.26, -47.02, -47.99, -46.99, -45.72, -46.50, -45.82, -46.26, -46.45, -46.60, -46.01, -45.60, -46.42, -46.08, -45.02, -46.29, -46.13, -43.40, -45.17, -46.61, -45.63, -45.74, -46.94, -46.89, -47.04, -46.04, -46.27, -46.01, -47.19, -46.87, -46.69, -45.61, -46.89, -46.38, -46.47, -45.86, -45.80, -45.76, -46.24, -46.88, -46.44, -46.48, -46.84, -46.93, -47.16, -46.56, -46.66, -46.53, -46.91, -47.59, -46.38, -46.42, -46.49, -46.73, -46.65, -46.09, -46.84, -45.22, -46.14, -47.04, -46.60, -46.60, -46.57, -47.54, -46.72, -46.37, -45.08, -46.53, -46.89, -46.84, -46.12, -46.88, -46.20, -46.73, -46.55, -45.69, -45.49, -46.85, -46.91, -45.94, -45.82, -46.39, -46.03, -45.48, -45.88, -45.70, -45.82, -46.77, -46.24, -46.38, -45.74, -45.18, -44.67, -45.05, -44.95, -45.24, -46.37, -44.95, -45.80, -43.93, -45.71, -45.72, -45.70, -46.05, -46.84, -46.34, -46.38, -46.82, -46.61, -45.92, -46.81, -46.44, -46.03, -46.31, -46.05, -46.79, -46.97, -46.68, -46.09, -44.76, -45.66, -47.25, -45.83, -46.71, -45.70, -46.05, -46.11, -45.13, -45.41, -46.07, -45.28, -46.46, -45.39, -46.15, -46.48, -46.35, -46.33, -45.59, -46.17, -45.78, -46.09, -46.42, -46.25, -46.32, -45.76, -45.59, -44.36, -44.90, -42.85, -43.80, -44.80, -44.19, -45.45, -44.85, -45.58, -45.01, -45.55, -45.13, -45.34, -45.33, -45.35, -45.98, -46.07, -45.53, -45.73, -45.83, -45.09, -45.54, -45.63, -46.36, -46.24, -46.09, -45.83, -46.46, -46.18, -46.30, -46.39, -45.64, -45.15, -46.11, -45.20, -43.34, -43.95, -43.60, -43.60, -43.76, -43.24, -42.11, -42.71, -42.66, -42.36, -41.97, -43.68, -39.05, -40.76, -42.21, -42.58, -43.04, -41.54, -40.73, -41.87, -41.92, -42.01, -42.72, -44.26, -44.14, -44.85, -45.99, -46.10, -46.21, -46.22, -46.05, -45.62, -46.57, -45.82, -46.08, -45.50, -46.48, -45.58, -46.23, -45.84, -46.72, -45.70, -45.72, -46.62, -45.67, -45.09, -45.88, -44.44, -44.44, -39.29, -43.06, -44.40, -44.34, -44.32, -44.07, -45.97, -45.65, -45.61, -45.83, -46.84, -46.13, -46.41, -46.35, -46.63, -46.47, -45.52, -44.82, -46.67, -46.45, -46.62, -46.27, -46.89, -46.51, -47.28, -46.52, -46.72, -46.17, -46.19, -46.23, -45.35, -45.63, -45.77, -44.37, -46.01, -46.33, -46.65, -46.65, -45.86, -43.51, -46.64, -46.32, -46.71, -46.84, -46.92, -46.63, -46.17, -46.10, -45.80, -45.19, -45.01, -46.38, -45.59, -45.27, -45.50, -45.68, -45.64, -45.37, -46.45, -47.00, -46.86, -46.54, -46.36, -47.22, -46.65, -46.57, -46.77, -46.82, -45.88, -45.61, -45.38, -46.04, -43.47, -43.26, -43.44, -41.98, -43.26, -42.24, -37.38, -37.21, -35.03, -34.67, -26.38, -33.92, -36.04, -35.08, -33.75, -35.10, -39.90, -37.86, -40.50, -44.83, -45.45, -44.92, -45.73, -46.28, -46.52, -47.17, -46.08, -45.35, -46.91, -46.38, -46.37, -46.23, -46.76, -46.40, -44.56, -45.46, -46.64, -44.86, -43.99, -44.29, -44.93, -45.07, -45.37, -43.19, -45.78, -45.04, -45.06, -45.84, -47.51, -46.27, -46.40, -47.01, -46.62, -46.79, -46.64, -46.52, -47.10, -45.40, -45.41, -44.25, -45.44, -45.17, -45.61, -45.26, -46.14, -46.41, -46.34, -46.79, -46.27, -47.16, -47.08, -46.34, -47.52, -46.68, -47.09, -47.06, -47.28, -47.10, -46.90, -46.17, -45.97, -46.47, -44.41, -44.76, -45.54, -43.58, -43.58
2026-10-01, 16:50:39, 103557182, 105776148, 5425.35, 96, -48.14, -47.42, -46.83, -47.76, -48.14, -48.30, -47.92, -47.41, -48.68, -47.72, -47.81, -48.17, -46.57, -46.48, -46.48, -45.37, -45.65, -46.16, -44.05, -43.09, -42.37, -42.40, -41.39, -41.09, -40.78, -39.48, -39.77, -38.48, -38.57, -38.59, -38.50, -39.06, -39.37, -40.30, -41.32, -41.31, -41.65, -43.03, -44.38, -44.38, -45.56, -45.98, -45.43, -47.90, -46.78, -47.38, -46.66, -45.95, -46.67, -47.14, -47.19, -47.24, -46.35, -46.68, -46.90, -45.49, -46.76, -46.08, -47.23, -47.10, -47.08, -46.60, -47.20, -46.73, -46.13, -48.18, -46.72, -46.48, -46.83, -47.60, -46.82, -47.12, -46.85, -47.43, -46.75, -46.94, -47.23, -47.04, -47.70, -47.15, -46.69, -47.11, -45.83, -47.05, -46.82, -46.36, -46.33, -47.01, -47.19, -46.81, -46.92, -47.14, -47.72, -47.24, -46.56, -47.20, -46.34, -47.11, -47.07, -46.63, -44.78, -44.41, -46.25, -46.91, -46.78, -47.32, -46.85, -46.82, -46.98, -46.49, -46.35, -47.18, -47.39, -46.66, -46.73, -46.89, -47.49, -47.42, -46.82, -47.17, -46.39, -47.46, -47.50, -46.42, -46.78, -47.12, -47.24, -46.84, -46.50, -46.88, -46.04, -46.13, -46.69, -46.90, -47.31, -47.00, -47.08, -47.36, -47.07, -46.62, -46.53, -46.51, -48.38, -47.16, -46.58, -46.96, -46.82, -46.38, -46.42, -46.99, -46.66, -46.78, -47.01, -46.42, -47.57, -46.74, -47.41, -46.76, -47.00, -47.73, -47.26, -46.99, -46.18, -46.80, -46.15, -46.97, -46.84, -46.28, -47.10, -46.69, -46.85, -45.44, -46.20, -46.03, -44.69, -40.53, -40.46, -40.27, -40.14, -39.41, -39.22, -40.00, -40.10, -39.53, -40.25, -40.23, -40.21, -39.95, -40.49, -39.87, -42.10, -43.85, -43.96, -45.16, -44.45, -42.64, -41.62, -39.86, -37.48, -36.46, -33.51, -33.54, -31.53, -31.52, -30.70, -29.23, -29.23, -26.27, -25.04, -23.89, -23.39, -16.48, -22.04, -23.62, -27.08, -26.03, -29.45, -29.27, -29.31, -29.92, -31.02, -31.29, -33.58, -34.45, -36.32, -38.87, -40.76, -42.22, -43.20, -44.26, -44.23, -44.92, -43.16, -40.91, -40.83, -40.11, -40.08, -40.30, -40.30, -40.39, -40.50, -39.97, -40.14, -40.40, -40.09, -40.34, -40.45, -40.90, -44.35, -45.82, -45.63, -45.62, -47.39, -46.44, -46.68, -46.18, -46.23, -46.77, -46.76, -46.99, -46.80, -46.96, -46.20, -47.74, -46.56, -46.48, -46.39, -46.16, -46.75, -47.06, -46.63, -46.17, -47.26, -45.89, -46.64, -46.15, -46.83, -46.83, -46.22, -46.59, -46.86, -47.23, -46.97, -46.69, -47.26, -46.40, -46.67, -47.09, -47.14, -46.64, -47.33, -46.68, -46.17, -46.83, -47.58, -46.34, -46.39, -46.66, -46.50, -46.91, -47.59, -46.90, -47.60, -47.40, -46.98, -47.48, -47.11, -46.62, -47.45, -46.93, -47.32, -46.64, -47.32, -47.14, -46.83, -47.81, -48.03, -47.84, -47.23, -47.64, -47.14, -48.50, -47.04, -46.94, -47.54, -46.59, -48.30, -47.29, -47.66, -47.83, -47.67, -48.66, -47.55, -46.83, -47.69, -48.00, -47.04, -47.49, -48.00, -48.14, -47.27, -48.05, -47.03, -47.85, -46.64, -47.80, -47.28, -47.50, -47.44, -47.96, -47.84, -45.49, -44.96, -43.90, -41.59, -41.64, -41.15, -42.42, -41.47, -40.80, -43.35, -45.06, -45.53, -47.01, -45.27, -46.56, -46.26, -47.24, -46.77, -46.92, -47.70, -47.02, -47.85, -47.30, -47.27, -47.22, -47.81, -47.03, -48.28, -48.24, -48.45, -47.09, -48.11, -47.69, -47.26, -48.81, -48.47, -47.74, -48.31, -47.74, -48.19, -47.52, -48.38, -48.99, -48.21, -48.60, -48.29, -48.25, -48.82, -47.99, -48.72, -48.38, -48.41, -47.78, -47.05, -48.92, -47.77, -47.55, -47.55, -47.90, -47.90
2026-10-01, 16:50:39, 105779404, 107998370, 5425.35, 96, -48.71, -47.83, -49.24, -49.02, -48.83, -48.69, -48.37, -48.99, -47.87, -48.93, -48.30, -48.43, -47.65, -48.06, -47.82, -48.98, -47.69, -48.06, -48.90, -47.62, -47.99, -47.85, -47.87, -48.12, -47.17, -48.04, -47.74, -47.99, -48.03, -47.72, -47.47, -47.99, -47.74, -47.14, -47.64, -47.27, -46.74, -46.83, -45.55, -46.58, -47.54, -47.02, -47.02, -47.01, -46.38, -47.88, -47.65, -47.52, -47.95, -47.32, -47.26, -47.35, -47.29, -46.98, -47.51, -46.60, -47.23, -46.89, -46.94, -47.13, -46.49, -47.19, -47.49, -47.23, -46.56, -47.83, -47.27, -47.15, -47.99, -47.01, -47.08, -46.67, -47.45, -47.66, -47.55, -47.25, -46.70, -47.70, -47.54, -47.87, -47.17, -46.69, -47.11, -48.07, -46.35, -46.92, -46.84, -45.19, -46.57, -48.03, -47.65, -46.25, -46.75, -46.35, -46.64, -45.84, -46.55, -46.89, -46.87, -47.02, -46.83, -46.98, -47.04, -46.93, -46.55, -47.30, -46.18, -46.94, -47.28, -47.07, -46.56, -47.31, -47.14, -47.14, -47.24, -46.66, -46.28, -47.82, -46.47, -46.29, -47.49, -46.58, -46.92, -46.11, -46.04, -46.57, -46.43, -47.67, -47.12, -46.67, -46.97, -47.19, -46.25, -46.56, -46.15, -46.87, -46.28, -47.46, -46.39, -46.84, -46.11, -46.67, -46.51, -46.60, -46.41, -46.84, -47.15, -47.14, -46.39, -47.01, -47.01, -45.98, -48.12, -46.69, -46.63, -46.69, -47.17, -47.07, -46.85, -46.31, -46.32, -46.95, -45.97, -46.18, -46.63, -47.05, -46.53, -46.34, -45.67, -45.96, -44.70, -41.40, -40.13, -40.23, -41.16, -41.20, -40.65, -40.25, -41.18, -40.23, -39.68, -40.98, -40.46, -42.39, -45.01, -45.26, -44.70, -45.15, -44.76, -44.05, -43.37, -42.22, -40.41, -39.81, -37.92, -35.77, -33.58, -31.76, -28.83, -28.99, -27.36, -26.70, -25.41, -24.76, -24.31, -23.09, -23.09, -23.05, -24.25, -23.16, -24.07, -25.22, -27.94, -26.69, -27.61, -29.54, -29.87, -29.36, -31.26, -31.30, -33.36, -36.45, -39.95, -40.43, -41.63, -43.53, -43.10, -44.21, -44.34, -44.48, -44.48, -39.91, -39.31, -40.07, -39.24, -40.11, -39.53, -39.36, -39.66, -39.73, -40.56, -39.39, -39.78, -40.34, -43.81, -46.72, -46.30, -46.40, -46.44, -47.40, -47.47, -46.34, -46.78, -46.67, -47.31, -47.29, -46.40, -47.36, -46.93, -47.38, -47.47, -47.38, -46.62, -47.45, -47.07, -46.68, -46.48, -46.85, -46.37, -46.45, -46.04, -46.46, -45.96, -47.18, -46.38, -46.39, -45.87, -45.66, -45.53, -44.66, -44.85, -45.03, -45.57, -44.51, -45.75, -45.26, -44.86, -45.64, -45.49, -44.84, -45.99, -46.11, -46.15, -46.49, -46.32, -46.95, -47.87, -47.15, -47.02, -47.73, -47.26, -47.36, -47.07, -48.18, -48.10, -46.63, -47.32, -46.70, -48.13, -47.66, -47.53, -47.37, -48.39, -47.55, -47.14, -47.49, -47.93, -45.71, -47.99, -47.56, -48.13, -40.54, -47.11, -46.97, -47.61, -48.15, -47.49, -47.19, -46.99, -47.64, -47.43, -47.44, -47.00, -47.09, -47.07, -46.40, -45.55, -45.99, -44.77, -42.67, -41.44, -39.57, -34.48, -30.38, -32.67, -34.51, -33.16, -34.42, -35.34, -31.45, -33.54, -30.78, -29.86, -29.40, -29.50, -30.65, -30.55, -31.01, -29.64, -31.81, -34.18, -32.62, -33.62, -37.24, -37.95, -35.71, -34.20, -37.36, -42.68, -43.47, -45.10, -45.75, -46.58, -46.87, -46.97, -46.78, -46.62, -46.67, -46.96, -46.89, -47.12, -47.79, -47.50, -47.51, -47.11, -47.03, -46.99, -46.83, -48.83, -48.20, -47.10, -48.37, -48.19, -48.24, -47.64, -48.11, -48.17, -49.26, -48.64, -48.20, -48.33, -48.19, -49.12, -48.04, -48.62, -48.63, -48.11, -47.49, -48.91, -48.57, -48.57
2026-10-01, 16:50:41, 88001628, 90220594, 5425.35, 112, -47.43, -47.78, -47.18, -47.82, -47.43, -47.83, -47.32, -47.52, -47.25, -47.77, -47.87, -47.84, -47.12, -47.67, -47.75, -47.60, -45.43, -46.46, -46.52, -47.25, -47.57, -46.95, -46.30, -47.41, -46.54, -46.45, -46.69, -45.73, -47.18, -45.82, -46.34, -46.62, -45.36, -44.99, -45.94, -46.13, -46.03, -43.91, -42.74, -38.59, -42.62, -44.73, -45.42, -45.56, -46.56, -46.01, -45.92, -45.78, -45.45, -45.72, -45.55, -46.65, -46.51, -47.16, -46.75, -46.61, -46.60, -45.79, -45.90, -41.35, -46.50, -45.77, -45.67, -46.88, -46.34, -46.96, -45.32, -46.39, -47.26, -46.51, -46.67, -46.44, -45.46, -45.93, -45.99, -45.65, -46.92, -45.89, -47.17, -46.65, -47.06, -46.04, -46.44, -46.01, -46.02, -45.62, -45.61, -45.22, -44.64, -44.59, -44.39, -43.17, -44.10, -43.70, -44.91, -44.79, -45.51, -45.60, -46.12, -47.34, -46.31, -46.81, -46.59, -46.00, -47.30, -46.63, -46.49, -45.98, -46.90, -46.26, -45.79, -46.50, -46.43, -46.69, -46.10, -46.57, -46.76, -45.64, -45.23, -43.16, -41.25, -37.28, -41.90, -44.12, -44.57, -44.84, -45.58, -46.48, -45.79, -44.31, -40.85, -45.51, -47.00, -46.31, -46.23, -46.28, -46.51, -47.00, -46.21, -47.09, -45.80, -46.78, -47.33, -46.94, -46.91, -46.96, -46.95, -45.86, -46.60, -46.77, -46.91, -45.79, -45.94, -46.14, -46.45, -46.33, -46.29, -46.23, -45.86, -46.87, -45.71, -46.12, -46.34, -45.63, -45.97, -45.92, -45.00, -46.01, -45.28, -45.32, -45.42, -45.78, -46.08, -46.57, -46.05, -46.15, -46.45, -46.38, -45.96, -46.71, -46.41, -46.21, -46.13, -47.02, -46.02, -46.59, -45.98, -46.51, -46.12, -46.23, -46.41, -46.71, -45.86, -46.39, -45.86, -46.49, -46.24, -46.28, -45.53, -46.31, -42.38, -40.64, -45.06, -45.06, -46.98, -46.72, -46.72, -46.03, -46.08, -46.80, -45.87, -46.40, -45.28, -46.25, -46.06, -46.22, -45.61, -46.42, -46.02, -46.43, -46.44, -46.53, -46.10, -46.81, -45.91, -46.82, -46.34, -46.26, -46.48, -46.44, -46.74, -46.65, -46.54, -46.15, -47.07, -46.05, -46.95, -47.46, -46.55, -45.98, -46.37, -47.20, -46.48, -46.06, -46.18, -47.46, -46.59, -46.84, -46.53, -46.56, -46.65, -45.33, -46.32, -46.90, -46.78, -47.54, -46.26, -46.73, -46.37, -46.49, -46.34, -46.00, -47.10, -46.58, -46.68, -46.44, -45.98, -46.64, -46.21, -46.32, -46.28, -42.23, -44.57, -46.53, -46.51, -46.34, -45.81, -45.73, -46.24, -47.00, -45.86, -45.38, -46.53, -45.80, -46.47, -46.37, -46.19, -46.45, -46.43, -46.52, -46.60, -47.20, -46.70, -46.84, -46.17, -46.54, -46.93, -46.39, -45.53, -46.69, -45.54, -44.70, -42.63, -40.79, -40.53, -41.34, -40.95, -40.42, -40.50, -38.23, -37.94, -37.01, -36.18, -35.08, -35.76, -35.37, -35.06, -36.45, -36.42, -36.40, -36.83, -37.08, -37.17, -38.02, -38.63, -39.06, -41.38, -43.24, -44.06, -45.06, -45.56, -45.57, -46.71, -46.47, -47.71, -46.44, -47.11, -46.87, -46.72, -46.45, -47.55, -46.46, -41.77, -46.84, -46.23, -47.35, -46.44, -46.39, -47.19, -46.54, -46.43, -47.42, -46.56, -46.55, -47.38, -46.48, -46.86, -47.17, -46.60, -47.02, -46.80, -47.14, -46.74, -46.65, -47.08, -46.34, -47.04, -46.59, -46.98, -47.09, -46.92, -46.83, -47.79, -47.52, -46.79, -47.10, -47.41, -47.04, -47.02, -47.49, -46.94, -47.77, -47.82, -46.99, -47.54, -47.75, -47.80, -47.47, -46.76, -47.42, -47.18, -46.88, -46.77, -46.38, -46.93, -47.00, -47.19, -46.99, -48.24, -47.30, -47.77, -47.66, -48.28, -47.58, -47.99, -47.71, -48.28, -48.29, -47.59, -48.20, -48.20
2026-10-01, 16:50:41, 90223850, 92442816, 5425.35, 112, -48.01, -47.67, -46.68, -43.75, -45.48, -45.43, -44.55, -44.89, -44.43, -43.52, -43.63, -42.20, -41.84, -39.82, -35.89, -35.19, -38.28, -40.57, -40.68, -43.61, -43.99, -44.72, -44.85, -43.95, -45.02, -44.85, -46.32, -46.36, -47.12, -46.90, -46.48, -46.57, -47.27, -47.51, -46.74, -46.38, -46.82, -46.77, -47.06, -46.64, -46.54, -46.80, -46.54, -46.70, -46.90, -46.30, -46.64, -47.14, -46.71, -46.33, -46.35, -46.29, -46.57, -46.25, -46.24, -46.11, -46.17, -46.04, -46.39, -46.07, -46.02, -45.91, -46.12, -46.37, -45.48, -46.05, -44.92, -44.31, -44.46, -45.07, -44.44, -43.65, -43.72, -43.50, -39.67, -41.49, -32.22, -34.32, -30.10, -32.00, -28.86, -29.86, -29.76, -29.95, -25.57, -23.85, -23.52, -21.10, -15.66, -19.33, -20.21, -24.09, -23.34, -26.26, -29.79, -31.96, -34.36, -35.35, -36.80, -29.33, -34.98, -39.81, -39.32, -41.27, -42.41, -43.13, -44.79, -44.66, -44.97, -44.69, -44.56, -45.34, -45.32, -46.15, -45.62, -45.72, -46.31, -45.51, -46.14, -45.74, -46.61, -46.35, -46.05, -45.87, -46.01, -45.71, -46.56, -46.40, -46.32, -46.64, -46.51, -46.52, -46.78, -45.74, -45.94, -46.27, -46.96, -46.48, -46.75, -46.88, -47.27, -45.95, -46.85, -46.20, -46.03, -41.62, -46.30, -46.00, -45.57, -46.56, -46.48, -46.34, -46.27, -46.21, -46.59, -46.60, -46.40, -46.46, -46.75, -45.58, -45.38, -46.28, -46.34, -45.35, -45.66, -45.48, -46.19, -46.01, -45.73, -45.44, -46.17, -45.95, -44.95, -45.86, -45.64, -45.76, -46.11, -46.13, -46.10, -46.08, -46.12, -46.50, -46.91, -45.97, -45.93, -46.11, -45.94, -46.07, -46.14, -45.43, -44.89, -44.04, -44.14, -42.29, -42.70, -40.57, -40.76, -39.49, -39.25, -39.60, -39.55, -41.04, -41.36, -41.81, -42.90, -44.31, -44.31, -45.27, -45.97, -45.54, -45.91, -45.63, -46.40, -46.39, -46.21, -44.31, -40.19, -46.04, -45.21, -45.38, -45.93, -45.41, -46.88, -45.40, -46.15, -46.24, -46.01, -45.98, -46.52, -46.91, -45.68, -46.12, -46.51, -46.62, -46.13, -45.37, -46.06, -46.40, -46.23, -45.99, -46.36, -47.30, -46.25, -46.87, -46.23, -46.21, -45.89, -45.93, -45.64, -46.38, -46.16, -45.66, -45.90, -46.16, -46.07, -45.95, -46.37, -46.45, -46.68, -46.60, -46.81, -45.58, -45.85, -46.24, -46.84, -46.13, -46.86, -46.53, -46.82, -46.31, -46.67, -46.39, -46.45, -46.78, -46.46, -46.72, -46.65, -46.52, -47.31, -46.03, -46.34, -46.28, -46.28, -45.65, -45.86, -45.69, -40.96, -39.49, -45.40, -46.94, -46.68, -46.02, -46.07, -46.49, -46.18, -46.89, -45.55, -46.26, -46.46, -46.37, -45.63, -45.85, -46.09, -46.98, -46.73, -46.17, -46.29, -46.47, -46.75, -46.14, -46.37, -46.77, -46.82, -46.61, -47.03, -46.69, -46.25, -46.58, -46.10, -46.31, -46.29, -46.36, -47.37, -46.55, -48.12, -46.99, -46.60, -46.92, -47.03, -46.72, -46.58, -46.96, -46.78, -46.26, -46.48, -46.70, -46.82, -46.34, -45.63, -46.02, -46.06, -46.10, -45.30, -45.47, -45.25, -45.56, -45.69, -45.10, -45.12, -45.52, -45.21, -45.74, -46.13, -46.63, -46.57, -45.71, -45.09, -38.27, -41.85, -45.49, -46.01, -46.30, -47.18, -46.90, -46.67, -46.20, -46.66, -46.80, -46.14, -46.36, -46.33, -46.53, -46.94, -46.46, -46.73, -45.80, -46.53, -46.66, -46.69, -46.06, -45.58, -45.28, -45.21, -42.92, -44.65, -45.24, -45.58, -45.89, -46.36, -46.34, -46.93, -45.05, -46.50, -46.33, -47.48, -47.14, -47.80, -47.50, -47.85, -47.19, -48.13, -47.90, -47.94, -47.71, -47.54, -47.61, -48.12, -47.63, -47.56, -47.88, -47.88
2026-10-01, 16:50:41, 92446072, 94665038, 5425.35, 112, -47.39, -47.04, -43.96, -47.22, -47.23, -47.08, -47.08, -46.81, -47.76, -46.98, -47.26, -47.06, -47.38, -46.97, -48.36, -46.41, -46.65, -46.05, -41.56, -40.90, -45.65, -46.38, -46.69, -46.50, -46.68, -46.01, -46.87, -46.58, -46.78, -46.47, -46.87, -46.39, -46.27, -46.45, -47.54, -46.34, -46.57, -45.89, -46.32, -46.32, -44.81, -45.54, -45.95, -44.99, -45.04, -45.13, -44.28, -44.06, -45.12, -45.05, -45.81, -45.66, -45.66, -45.70, -46.40, -47.26, -46.24, -46.28, -46.83, -46.20, -46.52, -46.16, -45.63, -46.09, -46.76, -46.82, -46.30, -46.73, -46.49, -46.37, -46.90, -46.97, -46.79, -46.72, -46.54, -45.91, -46.59, -46.19, -47.45, -45.90, -46.13, -46.03, -46.01, -46.94, -46.43, -46.36, -45.94, -46.60, -45.72, -40.43, -44.09, -45.83, -46.67, -46.96, -45.80, -46.37, -46.15, -46.77, -46.55, -46.94, -46.73, -45.94, -45.97, -46.98, -47.19, -47.09, -47.17, -46.06, -46.42, -46.72, -46.20, -46.72, -46.94, -46.90, -46.14, -46.40, -46.78, -46.48, -46.45, -47.24, -46.82, -46.63, -45.94, -46.01, -47.03, -46.10, -45.87, -46.29, -46.33, -46.01, -46.47, -45.98, -45.92, -46.23, -46.54, -45.97, -46.76, -45.80, -45.92, -47.23, -46.40, -46.49, -46.43, -47.30, -46.40, -46.32, -45.56, -45.90, -45.84, -45.58, -46.21, -46.81, -46.37, -45.96, -46.03, -46.48, -46.65, -46.30, -46.34, -46.07, -40.03, -46.34, -46.06, -46.03, -47.21, -46.67, -45.81, -46.65, -46.18, -46.19, -45.51, -46.40, -46.51, -46.09, -46.19, -46.08, -45.47, -47.56, -46.13, -45.89, -46.74, -46.72, -46.19, -46.26, -46.39, -46.25, -46.94, -46.39, -46.22, -46.00, -46.93, -46.25, -46.94, -47.01, -46.11, -46.93, -46.11, -46.33, -46.12, -46.53, -46.26, -46.72, -46.15, -46.71, -45.91, -46.87, -46.87, -46.87, -46.68, -46.03, -46.98, -46.07, -46.83, -46.81, -46.46, -46.73, -45.84, -45.86, -46.41, -45.01, -44.49, -43.20, -41.20, -41.31, -40.05, -39.18, -38.20, -39.09, -38.06, -38.09, -38.38, -36.98, -38.48, -37.93, -39.19, -39.73, -38.85, -39.35, -40.94, -42.38, -41.46, -42.88, -42.88, -44.33, -44.74, -46.54, -46.13, -45.78, -46.54, -46.42, -46.43, -46.93, -46.96, -46.47, -46.59, -46.24, -46.65, -47.53, -46.24, -47.15, -47.00, -47.00, -46.65, -46.31, -46.53, -47.17, -47.01, -47.56, -46.62, -47.10, -47.25, -46.94, -46.47, -48.02, -46.90, -46.65, -47.41, -47.42, -47.20, -46.93, -46.75, -46.30, -47.07, -47.16, -46.51, -47.20, -47.07, -46.57, -45.92, -46.91, -47.25, -46.96, -46.85, -47.62, -46.97, -47.05, -47.22, -47.25, -46.87, -47.05, -46.62, -44.63, -45.45, -47.24, -47.04, -46.63, -47.47, -46.96, -46.63, -47.80, -46.72, -47.36, -47.14, -47.26, -47.57, -47.58, -47.21, -47.93, -47.50, -46.76, -47.19, -47.54, -47.46, -46.92, -45.94, -47.01, -47.33, -48.08, -47.29, -47.84, -47.32, -48.06, -47.74, -46.85, -47.35, -47.40, -46.95, -47.53, -47.72, -47.40, -48.09, -46.74, -47.08, -47.29, -47.70, -47.37, -46.71, -47.42, -47.39, -47.84, -46.95, -46.93, -47.55, -46.70, -47.34, -47.00, -46.84, -47.86, -47.13, -46.53, -46.61, -47.16, -46.32, -47.21, -47.99, -46.98, -47.86, -47.73, -46.97, -46.41, -46.50, -46.69, -42.16, -42.21, -41.40, -41.35, -39.11, -39.75, -34.96, -28.08, -40.96, -43.46, -42.74, -40.16, -39.48, -43.21, -42.88, -45.01, -45.42, -45.05, -45.69, -47.67, -48.04, -47.77, -48.62, -47.71, -48.97, -48.12, -47.31, -48.68, -48.30, -48.16, -48.33, -48.39, -48.12, -48.52, -48.06, -48.17, -49.18, -48.96, -48.96
2026-10-01, 16:50:41, 94668294, 96887260, 5425.35, 112, -47.27, -47.64, -48.00, -48.05, -47.56, -47.94, -47.67, -48.61, -48.15, -47.70, -48.48, -47.75, -47.39, -47.71, -47.11, -47.84, -47.54, -46.80, -47.67, -47.75, -47.68, -46.95, -46.92, -47.77, -46.51, -47.59, -46.60, -47.06, -46.97, -46.42, -47.18, -46.14, -46.08, -43.09, -43.75, -46.67, -46.62, -47.12, -46.45, -47.02, -46.50, -45.98, -47.06, -46.14, -46.28, -45.58, -46.62, -46.04, -46.47, -46.22, -46.53, -46.90, -47.10, -46.77, -47.16, -46.58, -45.68, -46.48, -45.64, -46.78, -46.80, -45.77, -47.43, -47.43, -47.44, -46.23, -46.96, -47.50, -46.77, -47.08, -46.47, -47.36, -47.75, -47.86, -46.80, -47.36, -46.93, -46.87, -46.82, -47.28, -47.03, -47.67, -47.14, -46.86, -46.79, -46.55, -47.24, -47.52, -47.45, -46.46, -47.16, -47.33, -46.33, -47.82, -47.16, -46.78, -47.06, -47.87, -47.18, -47.42, -47.59, -46.93, -46.58, -45.93, -38.23, -44.25, -46.10, -46.98, -47.06, -46.07, -46.97, -46.99, -46.28, -46.29, -46.49, -47.94, -46.71, -47.04, -47.07, -47.57, -46.38, -46.79, -46.83, -47.11, -47.10, -47.27, -47.12, -47.39, -47.35, -47.14, -46.44, -47.48, -46.89, -46.81, -47.03, -47.75, -47.06, -46.52, -47.23, -47.35, -46.94, -46.80, -46.75, -45.97, -46.73, -46.61, -46.26, -46.62, -46.67, -46.64, -45.37, -46.26, -46.18, -45.79, -45.25, -46.33, -46.68, -46.26, -46.41, -47.18, -46.85, -47.03, -47.08, -46.32, -46.65, -46.27, -46.46, -46.29, -46.40, -46.19, -46.38, -46.03, -46.47, -46.88, -46.41, -39.68, -45.69, -47.44, -46.27, -46.64, -46.78, -46.59, -45.75, -45.92, -46.12, -45.66, -45.56, -45.54, -44.43, -44.12, -43.82, -41.30, -45.55, -45.57, -45.15, -46.09, -45.34, -45.78, -45.26, -44.94, -43.12, -45.44, -45.78, -47.17, -47.01, -47.26, -47.26, -46.65, -46.74, -46.54, -46.85, -47.23, -46.37, -47.55, -47.08, -46.28, -46.42, -46.60, -46.78, -46.70, -45.61, -46.35, -45.92, -45.94, -46.20, -46.28, -45.79, -46.49, -45.88, -47.01, -47.14, -46.76, -47.39, -45.86, -46.55, -47.34, -46.90, -46.78, -46.81, -46.97, -46.58, -46.44, -46.70, -46.76, -45.24, -45.40, -38.78, -42.99, -46.13, -46.84, -46.58, -46.41, -47.22, -47.08, -47.26, -46.75, -46.77, -46.76, -46.74, -46.68, -46.32, -46.86, -46.07, -46.93, -45.36, -46.06, -46.97, -46.39, -46.88, -46.20, -46.57, -46.66, -47.18, -46.94, -47.24, -47.05, -45.99, -47.09, -47.14, -46.40, -47.00, -46.62, -46.81, -46.78, -47.32, -48.17, -47.59, -46.57, -47.24, -47.12, -47.40, -47.12, -45.66, -47.13, -47.41, -47.22, -46.65, -47.40, -46.90, -47.79, -47.54, -47.03, -46.84, -48.07, -47.44, -46.88, -47.30, -47.47, -47.42, -47.37, -47.32, -47.16, -47.07, -47.40, -46.78, -47.02, -44.08, -41.85, -46.90, -47.73, -46.97, -47.84, -46.44, -46.63, -47.54, -47.35, -44.91, -45.13, -45.03, -44.90, -44.64, -44.35, -44.99, -43.04, -44.57, -42.99, -42.85, -41.82, -41.47, -42.44, -40.91, -41.00, -41.05, -41.04, -42.21, -41.28, -41.60, -42.81, -43.24, -42.76, -43.74, -45.61, -45.80, -46.99, -47.28, -47.33, -47.12, -47.07, -47.05, -47.94, -46.97, -47.43, -47.36, -46.47, -47.74, -48.23, -47.06, -47.33, -47.71, -46.98, -47.73, -46.98, -47.53, -47.17, -47.05, -47.01, -47.91, -47.21, -47.25, -47.42, -46.96, -47.34, -47.18, -48.06, -48.27, -47.15, -47.03, -44.72, -45.31, -48.11, -47.50, -47.45, -47.28, -47.68, -47.27, -48.36, -47.56, -47.01, -48.70, -47.93, -48.59, -47.39, -47.85, -47.43, -47.47, -48.34, -47.93, -47.41, -48.15, -47.93, -47.93
2026-10-01, 16:50:41, 96890516, 99109482, 5425.35, 112, -48.58, -48.81, -48.95, -48.81, -48.16, -48.35, -48.90, -48.20, -49.01, -48.24, -48.73, -48.70, -48.29, -48.82, -48.47, -48.44, -48.64, -47.97, -48.39, -48.18, -48.52, -48.24, -48.13, -48.41, -48.20, -48.09, -48.38, -48.44, -48.02, -48.14, -48.02, -48.23, -48.00, -47.05, -47.52, -47.47, -47.33, -46.42, -46.92, -47.89, -47.42, -46.66, -47.12, -46.78, -47.19, -47.14, -46.65, -47.12, -43.98, -44.78, -46.82, -47.69, -47.31, -46.40, -47.05, -46.97, -47.13, -47.46, -47.39, -47.09, -46.76, -46.98, -47.43, -45.83, -44.71, -44.17, -44.57, -44.76, -45.16, -44.50, -44.00, -43.82, -42.86, -42.08, -40.79, -41.38, -41.35, -40.36, -41.88, -41.85, -43.24, -43.43, -43.76, -44.44, -44.62, -43.42, -45.36, -44.21, -44.22, -45.40, -46.67, -46.21, -47.73, -47.16, -47.23, -47.52, -47.81, -48.25, -47.02, -46.55, -47.61, -47.20, -47.74, -47.61, -47.32, -47.95, -47.45, -47.11, -47.02, -47.38, -47.44, -46.89, -46.62, -46.91, -47.60, -47.74, -47.90, -47.87, -47.27, -44.42, -46.95, -47.92, -47.74, -47.50, -47.19, -48.36, -47.01, -46.90, -47.17, -47.65, -47.01, -47.26, -47.35, -46.70, -47.50, -47.94, -48.10, -47.64, -47.20, -48.01, -48.44, -47.34, -47.31, -46.76, -47.20, -45.55, -45.41, -42.67, -42.86, -42.64, -41.65, -43.10, -44.86, -44.71, -45.94, -46.45, -47.36, -47.23, -47.66, -46.92, -47.65, -46.91, -47.32, -47.00, -47.09, -47.31, -47.77, -47.54, -47.03, -46.69, -47.88, -47.49, -47.46, -47.44, -47.87, -48.40, -47.53, -47.07, -47.28, -46.43, -47.46, -47.51, -47.02, -47.19, -47.46, -47.00, -47.25, -46.33, -47.26, -47.13, -41.93, -48.24, -47.36, -47.62, -47.14, -47.88, -47.40, -47.15, -48.06, -46.89, -46.37, -47.10, -46.29, -48.00, -47.12, -46.69, -46.69, -47.51, -48.08, -46.72, -46.59, -46.92, -48.00, -47.66, -47.81, -46.82, -48.14, -47.81, -47.49, -47.73, -47.22, -46.98, -47.90, -47.00, -46.81, -47.54, -47.38, -47.22, -47.29, -46.94, -47.50, -47.70, -48.18, -46.90, -47.33, -47.09, -47.00, -47.55, -48.02, -47.98, -46.44, -47.44, -47.30, -46.95, -47.55, -47.14, -47.00, -47.42, -46.46, -47.25, -47.72, -46.92, -46.97, -47.35, -47.33, -46.37, -46.67, -46.08, -45.47, -45.13, -42.72, -32.47, -44.81, -45.88, -47.22, -45.90, -47.48, -47.13, -46.69, -47.05, -46.76, -46.58, -47.02, -47.79, -46.89, -46.83, -47.57, -46.40, -46.74, -46.83, -47.69, -47.17, -47.18, -47.23, -47.53, -46.99, -47.02, -46.72, -46.78, -47.24, -48.01, -47.87, -47.20, -47.40, -47.34, -46.96, -45.52, -46.89, -45.34, -45.95, -46.89, -46.35, -45.87, -46.46, -46.03, -46.46, -45.53, -45.46, -46.03, -46.42, -45.33, -45.92, -45.50, -46.55, -46.73, -47.20, -47.40, -46.11, -46.13, -46.61, -47.70, -45.63, -46.67, -45.27, -43.50, -41.73, -39.86, -37.14, -36.40, -35.85, -36.16, -34.85, -35.75, -35.25, -34.78, -34.30, -34.46, -33.88, -34.71, -34.03, -35.68, -36.63, -37.61, -38.15, -42.56, -44.62, -44.97, -45.64, -46.44, -46.33, -46.20, -46.42, -46.96, -47.12, -47.31, -47.15, -45.55, -45.27, -45.24, -46.44, -45.97, -45.32, -45.32, -46.55, -45.97, -46.32, -45.42, -45.56, -45.33, -45.17, -45.11, -46.63, -47.03, -47.23, -46.67, -47.24, -47.22, -47.29, -47.45, -47.59, -47.24, -46.95, -47.52, -47.00, -47.08, -47.88, -46.57, -47.55, -47.33, -46.67, -46.33, -47.82, -47.75, -47.88, -47.73, -48.13, -47.81, -47.98, -47.78, -47.50, -47.89, -48.40, -46.43, -46.70, -46.90, -46.92, -47.45, -47.80, -47.24, -47.41, -47.41
2026-10-01, 16:50:41, 99112738, 101331704, 5425.35, 112, -44.10, -44.31, -41.23, -44.58, -45.01, -45.54, -45.40, -46.17, -47.03, -46.28, -46.83, -46.70, -46.79, -46.88, -45.40, -45.28, -45.44, -45.37, -45.05, -44.54, -44.00, -44.16, -43.93, -44.36, -44.93, -44.80, -45.68, -46.54, -46.49, -47.14, -47.41, -46.59, -46.48, -45.32, -46.34, -45.17, -43.91, -44.54, -43.06, -44.48, -44.68, -44.56, -46.38, -46.56, -45.68, -46.26, -45.54, -46.47, -46.10, -46.65, -46.30, -46.57, -45.45, -45.93, -45.74, -46.66, -46.34, -46.32, -45.48, -45.28, -43.75, -45.59, -44.79, -44.89, -43.50, -43.81, -43.56, -43.22, -40.69, -40.38, -39.09, -38.47, -38.64, -40.05, -41.12, -42.72, -43.19, -43.89, -44.47, -44.92, -45.89, -45.96, -45.62, -45.78, -45.78, -46.35, -46.45, -45.97, -47.25, -45.44, -46.46, -47.02, -47.07, -46.41, -46.45, -46.53, -46.34, -46.51, -46.50, -46.89, -46.12, -45.72, -45.58, -46.32, -46.31, -46.11, -45.20, -45.59, -47.29, -46.49, -46.55, -46.12, -44.97, -45.78, -46.38, -46.44, -46.11, -45.51, -45.99, -44.90, -43.85, -44.53, -45.20, -44.31, -45.61, -45.73, -46.76, -46.18, -46.05, -45.82, -46.04, -45.91, -46.18, -46.63, -43.96, -43.91, -45.65, -47.42, -46.61, -46.35, -46.20, -46.15, -46.52, -46.05, -46.25, -46.53, -45.97, -45.53, -45.39, -45.28, -44.84, -44.13, -43.27, -43.68, -43.74, -45.36, -44.76, -45.48, -45.39, -45.99, -46.86, -46.06, -46.26, -46.22, -45.65, -43.51, -45.88, -46.12, -45.14, -46.25, -45.69, -45.86, -46.85, -46.48, -46.58, -45.79, -45.77, -45.88, -45.38, -45.14, -45.17, -45.50, -45.42, -45.44, -45.87, -45.66, -45.28, -45.45, -45.18, -46.05, -46.38, -46.01, -46.75, -46.83, -46.20, -46.43, -46.26, -45.89, -45.58, -45.46, -44.45, -44.40, -43.51, -44.45, -45.26, -45.20, -45.20, -46.26, -45.33, -45.71, -45.88, -46.27, -45.95, -45.96, -45.31, -46.60, -45.39, -45.64, -45.69, -46.04, -45.46, -45.58, -47.00, -45.75, -46.52, -45.85, -45.89, -45.44, -45.96, -46.03, -45.97, -46.94, -45.67, -45.52, -45.72, -45.56, -44.84, -45.42, -45.32, -46.01, -45.40, -46.13, -46.66, -45.75, -45.90, -46.38, -46.28, -45.94, -46.01, -45.67, -45.42, -45.43, -46.50, -44.71, -45.69, -45.47, -44.68, -44.97, -45.53, -45.88, -45.79, -45.64, -46.17, -45.82, -46.41, -45.87, -45.38, -44.91, -46.10, -46.14, -46.75, -46.35, -46.46, -45.73, -45.65, -45.38, -44.42, -46.26, -45.87, -45.91, -46.44, -44.74, -44.81, -44.24, -43.97, -44.16, -45.37, -44.45, -45.78, -44.93, -45.41, -44.54, -44.76, -45.13, -44.64, -44.76, -44.86, -45.35, -44.51, -45.18, -45.28, -45.13, -44.23, -44.82, -45.30, -45.37, -45.81, -44.31, -45.53, -45.53, -45.72, -44.98, -45.48, -45.78, -44.82, -45.81, -44.62, -45.21, -44.87, -45.00, -44.53, -44.25, -43.99, -44.18, -43.76, -44.15, -43.72, -43.00, -42.16, -41.89, -36.42, -32.16, -32.40, -31.76, -32.22, -32.01, -31.15, -31.18, -31.31, -30.63, -30.83, -31.12, -31.07, -33.43, -39.69, -40.29, -40.28, -40.01, -39.58, -39.48, -38.62, -37.95, -37.19, -36.11, -35.39, -33.83, -31.82, -30.14, -29.11, -20.27, -19.84, -18.51, -18.29, -13.38, -13.17, -11.06, -10.50, -11.16, -13.56, -12.92, -17.17, -19.43, -18.15, -21.50, -25.93, -29.85, -27.97, -29.70, -29.17, -25.45, -31.33, -34.60, -36.75, -38.49, -39.48, -39.93, -40.35, -40.34, -40.76, -40.67, -39.47, -33.61, -33.63, -33.29, -33.56, -33.00, -33.81, -33.26, -34.21, -34.28, -34.57, -35.45, -34.92, -35.33, -42.10, -43.53, -44.09, -44.54, -43.94, -44.48, -44.48
2026-10-01, 16:50:41, 101334960, 103553926, 5425.35, 112, -46.64, -47.01, -46.19, -46.50, -46.96, -47.12, -46.50, -46.38, -38.70, -46.60, -46.98, -47.58, -47.22, -46.99, -47.10, -46.72, -47.45, -46.98, -46.91, -46.62, -46.39, -47.47, -47.31, -46.41, -46.54, -46.83, -47.01, -46.83, -46.61, -45.58, -46.63, -45.97, -46.92, -46.39, -45.42, -45.60, -46.60, -46.29, -45.48, -46.09, -45.42, -45.45, -45.61, -45.28, -45.90, -46.56, -47.43, -45.94, -45.96, -46.12, -46.83, -46.43, -45.34, -46.23, -46.02, -45.57, -46.46, -46.04, -46.20, -46.20, -46.33, -46.76, -46.63, -46.90, -46.67, -46.84, -47.19, -47.61, -46.87, -46.19, -46.74, -47.23, -47.39, -46.47, -46.00, -46.50, -46.13, -46.19, -46.75, -44.94, -46.78, -46.07, -46.33, -46.69, -46.12, -46.44, -46.54, -46.05, -46.43, -46.42, -46.49, -46.21, -46.19, -46.28, -46.28, -45.96, -46.22, -45.84, -45.70, -46.44, -46.38, -46.29, -45.63, -45.23, -45.46, -45.36, -46.14, -45.45, -46.54, -46.43, -46.21, -45.61, -45.53, -45.62, -45.77, -45.57, -44.88, -45.81, -46.13, -46.48, -45.25, -45.33, -45.12, -45.42, -45.76, -46.41, -45.18, -46.38, -46.69, -46.69, -46.00, -46.51, -46.76, -46.67, -46.03, -46.72, -45.90, -46.79, -45.95, -46.25, -45.19, -44.17, -45.50, -45.39, -46.58, -45.74, -46.42, -46.20, -46.53, -44.93, -45.78, -45.84, -46.36, -46.44, -46.41, -46.12, -46.52, -45.65, -46.00, -45.97, -46.11, -46.23, -45.95, -45.50, -45.67, -44.84, -44.52, -44.74, -44.15, -44.26, -44.38, -44.30, -44.73, -44.37, -44.60, -44.90, -44.98, -45.78, -45.58, -45.16, -45.34, -45.90, -45.40, -46.16, -45.37, -45.77, -45.49, -44.63, -45.94, -45.02, -45.68, -45.54, -46.16, -45.71, -46.64, -46.51, -45.72, -45.48, -45.62, -45.93, -46.94, -46.07, -45.84, -44.00, -44.12, -43.63, -43.63, -43.80, -43.19, -43.10, -41.69, -41.90, -41.33, -41.55, -41.48, -41.41, -41.28, -41.14, -40.54, -40.47, -41.05, -42.07, -43.09, -43.23, -43.69, -43.91, -43.59, -44.87, -44.93, -46.08, -45.64, -45.84, -46.11, -46.32, -46.17, -44.95, -45.48, -46.88, -45.93, -46.46, -45.27, -46.53, -45.88, -45.45, -45.55, -45.86, -46.28, -45.25, -44.98, -44.38, -44.09, -43.23, -41.94, -42.61, -43.01, -42.00, -43.48, -44.50, -45.01, -45.63, -45.72, -45.48, -45.69, -45.88, -45.50, -46.17, -46.05, -46.62, -46.23, -46.29, -46.03, -45.32, -46.02, -46.29, -46.57, -45.72, -46.80, -46.25, -45.66, -46.38, -45.35, -45.59, -44.69, -45.86, -45.40, -46.22, -45.89, -46.39, -46.12, -45.70, -46.08, -42.83, -46.58, -47.27, -46.65, -47.35, -46.63, -45.90, -45.77, -46.45, -46.09, -45.64, -46.10, -46.92, -46.15, -45.67, -45.90, -45.48, -45.71, -45.05, -46.89, -46.45, -46.27, -45.70, -46.37, -47.22, -46.97, -46.11, -46.14, -46.18, -45.89, -44.64, -44.06, -44.45, -42.16, -40.80, -40.70, -39.61, -39.11, -36.27, -36.22, -37.76, -37.05, -32.86, -31.28, -32.16, -32.84, -31.73, -33.39, -34.61, -38.28, -39.26, -41.10, -39.97, -44.50, -45.83, -46.24, -45.92, -46.31, -46.04, -46.38, -45.56, -46.42, -45.08, -46.06, -45.96, -46.12, -46.12, -45.23, -45.15, -45.25, -45.38, -44.29, -45.10, -45.93, -45.65, -44.49, -44.87, -45.01, -43.57, -44.70, -45.53, -45.22, -46.23, -47.82, -46.75, -46.59, -46.72, -46.87, -45.76, -46.19, -46.63, -45.79, -45.08, -45.59, -45.38, -45.33, -45.32, -46.36, -45.57, -46.44, -46.44, -46.78, -46.65, -47.62, -47.67, -46.81, -47.49, -47.07, -46.94, -46.37, -46.53, -47.87, -46.05, -45.19, -45.24, -43.26, -43.04, -42.43, -41.90, -41.90
2026-10-01, 16:50:41, 103557182, 105776148, 5425.35, 112, -47.25, -47.46, -47.91, -47.67, -48.65, -48.11, -47.26, -48.19, -47.64, -47.66, -47.19, -47.69, -47.13, -47.26, -45.12, -43.89, -44.73, -44.24, -43.07, -42.44, -41.83, -40.31, -40.00, -40.23, -39.18, -39.34, -38.53, -39.02, -38.34, -39.48, -39.55, -39.90, -40.58, -42.42, -41.82, -42.50, -42.51, -43.49, -44.27, -44.83, -45.44, -46.07, -46.56, -46.78, -46.54, -46.73, -46.03, -46.63, -46.85, -46.56, -46.96, -46.64, -46.97, -46.95, -47.11, -46.68, -46.90, -46.64, -46.73, -47.37, -46.66, -46.62, -46.35, -47.07, -47.67, -47.75, -47.12, -47.19, -46.58, -47.18, -47.65, -47.83, -47.26, -47.48, -47.32, -46.84, -47.38, -46.77, -47.05, -46.34, -46.75, -46.50, -44.83, -46.73, -47.34, -47.16, -47.21, -47.79, -46.55, -47.07, -47.34, -46.82, -46.84, -45.94, -45.73, -46.11, -46.78, -46.46, -45.91, -46.63, -44.54, -44.57, -46.44, -47.30, -47.48, -46.96, -46.68, -46.67, -47.00, -46.47, -46.88, -47.26, -46.37, -47.08, -46.42, -46.55, -47.38, -47.16, -46.90, -47.48, -46.34, -46.68, -47.17, -46.88, -47.65, -46.46, -47.15, -47.65, -46.71, -46.64, -46.49, -46.59, -46.64, -46.98, -46.49, -46.94, -46.97, -46.86, -46.28, -47.13, -46.70, -46.53, -46.72, -46.42, -46.21, -46.39, -46.07, -45.95, -46.04, -45.81, -46.54, -46.00, -45.76, -46.10, -45.85, -47.04, -45.73, -46.63, -46.53, -46.39, -47.56, -46.52, -46.13, -46.14, -46.25, -45.82, -46.27, -47.61, -46.08, -46.12, -46.60, -46.07, -45.93, -45.41, -44.47, -40.82, -40.32, -40.34, -39.95, -39.82, -39.95, -39.50, -39.58, -40.18, -40.12, -40.46, -39.84, -39.39, -40.31, -40.42, -42.58, -43.47, -44.15, -43.63, -43.58, -42.92, -40.67, -39.50, -36.95, -34.71, -33.51, -32.28, -32.06, -31.28, -30.54, -27.61, -27.61, -26.07, -25.17, -22.46, -21.84, -18.72, -21.26, -23.93, -25.28, -25.53, -27.33, -27.17, -28.88, -29.03, -29.32, -31.31, -33.48, -34.51, -37.06, -39.59, -40.64, -42.01, -43.89, -44.12, -44.29, -44.27, -43.14, -40.41, -39.61, -39.00, -39.61, -39.98, -40.08, -40.20, -40.70, -39.77, -39.86, -39.48, -39.92, -40.24, -40.42, -40.55, -44.79, -45.60, -45.59, -45.93, -46.38, -46.93, -46.07, -46.38, -46.49, -46.39, -46.41, -46.59, -46.14, -46.69, -46.27, -45.95, -46.70, -46.56, -46.38, -47.29, -46.94, -46.36, -46.62, -46.37, -47.14, -46.61, -46.45, -47.08, -46.34, -47.18, -47.02, -46.77, -46.74, -46.58, -45.85, -46.55, -46.32, -46.17, -47.74, -46.32, -46.29, -46.43, -46.58, -46.31, -46.96, -46.19, -46.65, -47.54, -47.14, -46.68, -46.53, -47.86, -46.18, -46.96, -47.55, -47.21, -46.85, -46.84, -47.17, -47.12, -47.29, -47.30, -46.98, -46.96, -47.14, -47.15, -47.02, -47.69, -47.27, -47.60, -47.45, -46.60, -47.58, -47.51, -48.16, -47.09, -47.60, -47.65, -47.43, -47.29, -47.65, -47.52, -47.81, -47.42, -47.71, -47.66, -47.56, -47.98, -47.54, -48.09, -46.85, -47.54, -47.54, -47.89, -48.10, -47.43, -48.17, -47.04, -47.67, -46.96, -47.58, -46.64, -45.92, -44.68, -45.57, -45.41, -44.42, -45.83, -42.92, -42.81, -40.73, -38.01, -42.88, -42.95, -45.19, -45.50, -45.94, -46.55, -47.07, -47.23, -47.90, -46.91, -46.69, -46.84, -47.60, -47.82, -47.30, -46.61, -47.99, -47.08, -47.83, -47.05, -47.24, -47.84, -47.51, -47.34, -47.77, -48.26, -48.68, -48.94, -48.80, -48.42, -48.22, -47.92, -48.19, -47.88, -49.04, -47.89, -48.12, -48.41, -47.65, -47.62, -47.98, -47.70, -47.85, -48.51, -47.57, -47.59, -47.98, -49.20, -48.24, -48.72, -48.72
2026-10-01, 16:50:41, 105779404, 107998370, 5425.35, 112, -48.97, -48.60, -48.13, -47.81, -49.05, -48.42, -47.61, -47.95, -48.78, -48.50, -48.46, -48.07, -49.20, -48.08, -48.19, -48.25, -48.16, -47.93, -49.04, -47.72, -47.91, -47.79, -47.95, -47.64, -47.93, -48.24, -47.59, -47.98, -47.38, -48.31, -47.55, -47.89, -47.20, -47.30, -47.45, -47.02, -47.99, -47.69, -46.08, -47.43, -46.88, -47.44, -46.80, -47.59, -47.32, -47.73, -47.06, -46.76, -46.55, -46.86, -47.03, -47.09, -46.81, -47.89, -48.04, -47.33, -46.70, -47.16, -47.63, -46.85, -46.88, -47.81, -46.38, -47.70, -46.89, -46.96, -47.43, -47.20, -47.17, -47.47, -47.16, -46.81, -47.61, -47.24, -47.78, -46.98, -47.19, -46.63, -47.14, -46.85, -47.08, -46.38, -47.49, -46.52, -46.69, -47.26, -46.85, -44.94, -47.44, -47.30, -46.84, -46.90, -47.17, -46.82, -47.14, -45.73, -46.90, -46.90, -46.72, -46.91, -46.07, -47.02, -46.68, -46.56, -46.66, -46.79, -46.38, -46.76, -46.73, -47.01, -47.36, -47.14, -46.77, -47.03, -46.78, -45.69, -46.41, -46.70, -46.73, -46.91, -47.47, -47.15, -47.63, -46.31, -46.45, -47.24, -47.30, -46.74, -46.82, -46.95, -46.52, -46.25, -46.59, -46.88, -46.69, -46.93, -46.09, -46.66, -47.08, -47.81, -46.91, -46.91, -46.84, -46.78, -47.28, -46.76, -47.75, -46.74, -46.86, -45.71, -46.35, -46.49, -46.50, -46.20, -46.56, -46.26, -47.18, -46.49, -46.63, -46.16, -45.72, -47.12, -46.65, -46.70, -46.76, -47.36, -46.02, -46.46, -45.89, -46.12, -44.77, -42.16, -40.71, -41.00, -40.57, -41.73, -40.96, -40.56, -41.07, -41.27, -39.96, -40.53, -40.93, -41.18, -44.84, -45.32, -45.13, -45.02, -45.14, -44.88, -43.64, -41.86, -42.24, -39.86, -35.77, -34.45, -33.58, -33.85, -32.82, -32.71, -31.12, -31.79, -29.98, -28.73, -27.91, -24.71, -24.71, -24.84, -24.27, -22.95, -23.04, -22.42, -22.82, -24.78, -24.73, -25.75, -26.61, -27.11, -28.52, -29.09, -31.94, -34.43, -36.91, -38.05, -39.84, -40.99, -42.43, -42.87, -44.05, -43.80, -43.91, -40.88, -39.05, -39.07, -39.37, -40.14, -40.14, -39.66, -39.94, -40.05, -40.01, -40.33, -40.11, -40.05, -43.97, -46.70, -46.52, -46.88, -47.18, -47.59, -46.88, -47.02, -47.02, -47.37, -46.70, -46.96, -48.04, -47.25, -46.89, -47.07, -47.20, -47.10, -46.75, -46.76, -47.03, -46.52, -46.82, -47.51, -46.79, -45.86, -46.32, -45.92, -45.76, -45.04, -45.30, -45.33, -44.39, -44.94, -45.37, -44.10, -44.30, -43.72, -45.28, -45.45, -45.45, -45.56, -45.84, -46.23, -46.59, -46.24, -46.77, -46.19, -46.70, -46.81, -46.40, -46.87, -46.80, -46.70, -48.14, -46.94, -48.14, -47.90, -47.54, -47.98, -47.66, -47.67, -47.18, -47.64, -48.08, -47.64, -46.61, -47.28, -47.99, -47.96, -47.03, -46.95, -47.40, -46.37, -47.31, -46.87, -47.67, -41.39, -47.41, -47.74, -47.74, -47.34, -47.62, -47.99, -47.48, -47.22, -47.17, -47.48, -47.56, -46.93, -46.91, -46.50, -46.74, -45.82, -46.30, -43.96, -44.14, -41.11, -34.96, -34.40, -34.56, -36.20, -34.50, -35.54, -34.93, -35.29, -33.08, -33.38, -31.82, -29.44, -28.70, -28.42, -28.97, -29.25, -29.42, -31.19, -32.12, -33.73, -35.33, -34.09, -34.73, -35.77, -34.82, -36.53, -41.57, -43.75, -44.61, -45.58, -46.26, -45.77, -46.37, -46.97, -46.42, -47.45, -47.28, -46.67, -47.13, -47.68, -47.94, -47.12, -48.09, -47.49, -47.00, -47.75, -47.28, -48.37, -47.19, -48.13, -47.64, -47.40, -47.81, -48.15, -47.88, -47.71, -47.80, -48.89, -48.45, -48.06, -48.32, -47.93, -47.80, -48.28, -48.81, -47.72, -47.14, -48.20, -48.20
2026-10-01, 16:50:43, 88001628, 90220594, 5425.35, 96, -47.23, -47.99, -47.22, -47.62, -47.73, -46.93, -47.30, -47.97, -48.03, -47.93, -47.56, -46.91, -47.28, -47.56, -47.02, -46.61, -45.34, -46.40, -47.03, -47.25, -46.87, -47.15, -47.14, -46.97, -46.62, -46.57, -46.87, -47.03, -46.55, -46.77, -47.20, -46.38, -46.50, -46.92, -46.89, -46.65, -46.14, -44.69, -41.56, -38.75, -41.58, -43.92, -45.23, -46.19, -46.27, -46.46, -46.34, -45.88, -46.22, -45.18, -46.20, -46.34, -46.40, -47.20, -46.15, -45.96, -45.62, -46.80, -46.10, -41.23, -46.51, -45.99, -47.22, -46.86, -46.11, -47.05, -46.30, -46.57, -46.46, -46.80, -46.00, -46.31, -46.71, -46.29, -46.58, -45.72, -46.49, -46.46, -47.56, -46.58, -46.56, -46.21, -45.87, -46.46, -46.30, -46.44, -46.91, -46.19, -45.71, -45.49, -45.15, -43.84, -44.24, -43.93, -44.39, -43.70, -44.71, -44.54, -44.83, -45.89, -45.33, -45.80, -46.95, -46.38, -46.48, -46.37, -46.08, -47.02, -46.65, -47.00, -46.15, -46.98, -46.29, -46.33, -46.80, -46.92, -45.66, -46.26, -45.37, -43.63, -40.87, -37.36, -41.17, -42.98, -46.00, -46.66, -45.97, -46.18, -45.36, -44.42, -40.16, -46.30, -46.78, -45.77, -47.02, -46.21, -46.46, -46.78, -46.53, -47.40, -46.48, -46.35, -47.17, -46.67, -46.50, -46.69, -46.57, -46.88, -46.19, -46.31, -46.96, -46.69, -46.03, -46.81, -46.57, -46.58, -46.24, -46.83, -46.20, -47.16, -46.55, -45.94, -46.47, -46.01, -45.29, -45.50, -45.12, -46.22, -45.63, -45.37, -45.93, -47.17, -45.66, -46.26, -46.24, -46.15, -46.45, -46.48, -46.30, -45.81, -46.37, -46.06, -45.69, -47.14, -46.51, -46.42, -46.56, -46.89, -46.51, -47.25, -46.93, -46.81, -46.37, -46.31, -45.82, -45.93, -46.70, -46.49, -46.47, -45.33, -42.44, -40.61, -44.66, -44.81, -46.50, -46.11, -46.11, -46.48, -46.70, -47.43, -47.14, -47.23, -44.54, -47.11, -45.89, -46.38, -46.68, -46.38, -45.78, -46.83, -46.09, -46.84, -46.40, -47.07, -45.67, -46.08, -46.58, -46.83, -46.40, -46.41, -46.28, -46.37, -46.48, -45.78, -45.82, -46.64, -46.75, -46.25, -46.05, -46.50, -46.99, -47.07, -47.37, -46.50, -46.69, -47.07, -45.84, -46.93, -46.48, -46.20, -46.72, -46.33, -46.67, -45.83, -45.59, -46.35, -47.18, -46.56, -46.99, -46.74, -46.15, -46.63, -47.45, -46.24, -47.13, -47.20, -46.78, -46.84, -46.85, -45.76, -47.24, -41.30, -45.44, -46.96, -47.47, -46.86, -46.18, -46.65, -47.62, -46.70, -46.36, -46.27, -46.79, -46.62, -45.72, -48.17, -46.95, -46.76, -46.90, -46.76, -46.91, -46.98, -45.83, -46.15, -46.74, -47.66, -46.74, -46.82, -46.34, -45.37, -45.28, -43.78, -42.69, -40.96, -41.04, -40.64, -40.24, -38.97, -38.21, -38.26, -37.42, -37.28, -36.58, -36.32, -36.75, -36.03, -36.84, -36.97, -36.32, -36.20, -36.91, -36.59, -36.48, -37.44, -37.48, -38.07, -41.04, -43.20, -44.34, -45.52, -45.77, -46.69, -45.75, -46.32, -47.04, -47.21, -46.73, -46.54, -46.84, -46.91, -47.03, -47.25, -42.27, -46.55, -46.51, -47.55, -46.88, -46.39, -47.01, -46.48, -47.55, -46.25, -47.69, -47.77, -47.06, -46.04, -46.63, -47.15, -46.26, -48.32, -47.18, -46.80, -47.76, -45.91, -47.21, -46.64, -47.36, -47.77, -46.87, -45.81, -47.09, -47.36, -47.31, -47.40, -47.15, -46.74, -46.74, -46.75, -47.59, -46.76, -46.97, -47.43, -47.30, -47.32, -47.55, -47.46, -47.65, -47.97, -47.50, -46.78, -47.56, -46.75, -45.51, -45.33, -47.26, -47.98, -48.17, -47.11, -47.33, -48.45, -47.58, -47.54, -47.96, -47.86, -47.96, -47.74, -47.86, -47.54, -47.98, -48.26, -48.26
2026-10-01, 16:50:43, 90223850, 92442816, 5425.35, 96, -46.92, -46.64, -45.98, -43.32, -44.55, -44.71, -42.26, -42.59, -43.36, -42.92, -42.33, -40.45, -40.90, -39.32, -37.07, -37.12, -40.75, -40.57, -41.22, -43.86, -42.79, -42.70, -43.14, -42.72, -43.99, -45.61, -44.16, -46.23, -46.97, -47.02, -46.52, -47.03, -47.15, -46.54, -46.15, -46.90, -46.03, -46.83, -46.67, -46.40, -46.38, -47.09, -46.99, -46.27, -46.70, -46.13, -46.75, -45.98, -47.04, -46.33, -45.94, -46.04, -45.88, -45.60, -46.73, -46.71, -46.13, -46.68, -46.19, -45.65, -46.65, -45.63, -46.42, -46.16, -45.32, -45.48, -44.99, -46.02, -44.59, -45.90, -45.01, -44.82, -44.63, -44.16, -41.77, -43.36, -43.16, -40.08, -39.92, -40.55, -41.24, -40.09, -38.08, -37.19, -35.19, -32.02, -25.94, -20.21, -13.30, -16.52, -23.07, -28.39, -33.38, -35.99, -38.01, -39.07, -40.74, -40.15, -39.89, -39.59, -41.00, -42.69, -43.50, -43.23, -43.53, -44.30, -44.08, -44.06, -44.48, -44.43, -44.71, -45.31, -45.16, -44.80, -46.35, -45.47, -44.94, -45.96, -45.12, -46.29, -46.19, -46.44, -46.55, -45.59, -45.19, -46.29, -46.15, -46.35, -45.67, -46.26, -46.46, -47.11, -46.58, -46.37, -46.02, -45.72, -46.33, -45.81, -46.45, -46.42, -46.52, -46.02, -46.67, -46.62, -45.96, -41.70, -45.28, -46.25, -46.33, -46.95, -46.16, -46.61, -45.96, -46.15, -47.83, -46.16, -45.46, -46.80, -46.11, -45.96, -46.20, -45.68, -46.65, -46.26, -46.45, -46.11, -46.48, -46.31, -45.91, -46.14, -43.81, -45.63, -45.31, -46.13, -46.98, -46.80, -45.95, -45.90, -46.20, -47.25, -46.98, -46.35, -46.47, -46.72, -46.49, -45.52, -46.73, -46.02, -45.40, -44.87, -45.21, -44.36, -43.03, -41.96, -40.95, -39.96, -40.38, -40.09, -40.21, -39.58, -39.29, -39.26, -41.05, -42.69, -43.77, -44.94, -44.94, -45.24, -45.12, -45.66, -46.53, -46.39, -45.48, -47.21, -46.06, -44.37, -39.95, -46.00, -45.70, -45.70, -45.68, -46.42, -45.78, -45.76, -45.51, -45.74, -46.99, -46.14, -46.82, -45.48, -45.66, -46.42, -46.38, -45.97, -45.66, -45.70, -46.34, -45.63, -46.03, -46.20, -45.45, -46.68, -46.39, -47.09, -46.37, -46.43, -46.21, -46.36, -45.55, -45.71, -45.97, -44.95, -45.34, -45.08, -45.49, -45.99, -46.36, -45.91, -45.99, -46.36, -46.07, -46.25, -46.08, -46.36, -46.25, -46.22, -46.11, -46.77, -46.30, -46.25, -45.69, -46.92, -46.35, -46.36, -46.93, -46.16, -46.69, -46.07, -46.76, -46.67, -46.44, -46.45, -47.54, -46.52, -46.42, -44.72, -41.20, -39.15, -45.52, -45.41, -46.04, -46.77, -47.13, -46.81, -46.54, -47.12, -46.84, -46.76, -46.88, -46.52, -45.29, -44.18, -46.02, -47.36, -46.19, -46.69, -46.18, -46.08, -46.41, -46.17, -45.49, -47.09, -46.80, -46.45, -45.92, -47.00, -46.47, -47.34, -46.37, -46.66, -47.07, -46.60, -47.84, -46.76, -46.79, -47.72, -47.01, -46.16, -47.48, -47.32, -47.35, -47.24, -46.97, -46.09, -45.01, -46.22, -45.96, -46.56, -46.68, -47.52, -46.52, -46.99, -46.24, -46.10, -45.46, -45.13, -44.20, -45.67, -45.12, -45.21, -45.71, -45.36, -45.99, -45.24, -46.72, -45.55, -44.93, -37.86, -42.26, -45.65, -45.76, -46.31, -46.88, -46.70, -47.10, -46.47, -45.88, -46.44, -47.10, -46.73, -47.04, -47.29, -46.59, -46.69, -47.35, -47.03, -47.09, -46.62, -46.45, -47.27, -46.79, -46.51, -44.28, -41.12, -42.72, -45.60, -46.94, -47.10, -46.51, -46.31, -46.68, -45.34, -46.43, -46.27, -47.24, -47.15, -46.76, -46.82, -47.65, -47.48, -47.38, -47.20, -47.39, -47.69, -46.61, -47.34, -47.34, -48.15, -47.93, -47.02, -47.02
2026-10-01, 16:50:43, 92446072, 94665038, 5425.35, 96, -46.97, -47.23, -45.04, -47.06, -47.37, -47.07, -47.39, -47.54, -46.79, -46.93, -46.86, -47.53, -47.32, -47.74, -47.23, -47.20, -46.43, -45.94, -41.63, -40.78, -46.26, -46.67, -46.31, -46.06, -45.78, -44.81, -45.89, -46.32, -46.80, -46.99, -46.76, -46.33, -46.05, -47.52, -46.33, -46.19, -47.04, -46.40, -46.30, -46.26, -45.78, -45.12, -45.34, -45.46, -45.48, -45.95, -45.46, -44.36, -44.84, -44.14, -46.00, -44.80, -45.36, -46.21, -45.63, -45.34, -45.91, -46.38, -46.78, -45.93, -46.15, -46.35, -46.61, -45.70, -46.15, -46.36, -46.76, -46.60, -46.96, -46.17, -46.85, -46.12, -45.27, -46.62, -46.40, -46.71, -46.73, -47.11, -46.87, -46.73, -46.64, -46.22, -45.85, -46.31, -45.39, -46.17, -45.81, -45.59, -45.79, -40.35, -43.95, -45.84, -46.09, -46.40, -46.81, -46.40, -46.56, -46.97, -46.09, -46.83, -46.50, -46.57, -46.80, -46.08, -45.83, -46.42, -46.27, -46.09, -45.97, -46.60, -46.45, -46.52, -46.28, -46.19, -46.46, -47.12, -46.57, -46.15, -46.70, -45.88, -46.77, -45.78, -45.34, -47.49, -45.67, -45.91, -46.70, -45.92, -46.26, -46.03, -46.23, -45.50, -46.30, -45.43, -46.14, -46.55, -46.10, -46.72, -46.66, -46.25, -47.30, -46.21, -46.24, -46.80, -45.87, -46.24, -46.55, -46.07, -46.51, -47.41, -46.11, -46.44, -46.05, -45.78, -45.93, -46.38, -45.86, -46.46, -46.14, -46.23, -39.97, -45.36, -45.98, -45.91, -46.69, -46.85, -46.53, -46.26, -45.99, -46.01, -45.99, -46.21, -46.20, -45.94, -45.85, -46.87, -46.24, -46.84, -45.93, -46.05, -45.66, -46.99, -45.83, -46.28, -45.75, -46.08, -46.38, -46.31, -45.74, -45.79, -46.87, -45.27, -47.34, -46.34, -46.23, -46.88, -46.48, -46.22, -46.42, -47.21, -46.58, -46.75, -46.62, -46.67, -46.31, -47.05, -47.05, -46.56, -46.37, -46.66, -47.13, -46.92, -46.14, -47.03, -47.17, -46.60, -46.38, -45.82, -46.18, -44.51, -44.84, -43.62, -42.93, -42.04, -40.31, -39.65, -39.90, -38.58, -39.89, -39.75, -39.36, -37.50, -38.92, -38.66, -39.30, -39.06, -38.65, -39.02, -39.52, -39.90, -39.43, -40.61, -42.17, -43.18, -45.37, -44.71, -45.29, -45.21, -44.87, -46.48, -47.25, -46.45, -46.53, -46.16, -46.13, -47.28, -46.86, -46.16, -47.19, -46.76, -46.52, -46.40, -46.63, -46.78, -47.49, -46.87, -46.99, -47.26, -46.93, -46.92, -47.67, -47.24, -46.27, -47.12, -46.97, -47.05, -46.28, -47.10, -46.35, -47.38, -47.25, -47.17, -46.88, -46.93, -46.67, -46.82, -47.86, -46.62, -45.94, -46.70, -46.49, -47.08, -47.61, -46.92, -46.98, -47.05, -45.85, -47.28, -47.09, -47.20, -46.71, -45.18, -44.86, -47.38, -46.64, -46.94, -47.16, -47.51, -47.09, -47.50, -47.53, -46.81, -47.03, -47.68, -46.83, -46.96, -47.11, -47.65, -46.66, -47.32, -46.69, -46.88, -47.33, -47.34, -47.40, -47.38, -47.18, -47.10, -47.23, -46.68, -48.73, -47.98, -47.80, -46.70, -47.50, -48.18, -47.22, -47.44, -47.87, -47.23, -46.54, -47.20, -46.73, -47.95, -47.13, -47.66, -47.45, -47.05, -47.33, -47.56, -47.38, -47.34, -48.03, -47.22, -47.02, -46.85, -46.63, -47.71, -47.85, -46.91, -47.43, -47.35, -47.50, -47.21, -47.65, -47.49, -47.19, -46.76, -46.64, -45.70, -44.00, -42.12, -39.87, -41.53, -40.41, -38.98, -37.53, -37.86, -37.14, -30.20, -37.53, -37.78, -37.65, -38.25, -38.73, -39.83, -41.37, -42.71, -45.49, -47.41, -47.49, -46.91, -48.29, -48.94, -47.75, -48.90, -47.63, -48.17, -47.89, -48.05, -48.16, -48.15, -48.53, -48.14, -48.55, -48.20, -47.93, -47.90, -48.53, -48.73, -48.73
2026-10-01, 16:50:43, 94668294, 96887260, 5425.35, 96, -47.19, -48.27, -47.57, -48.06, -47.67, -47.59, -47.77, -47.11, -47.19, -47.63, -47.29, -47.40, -47.96, -47.37, -48.16, -47.65, -47.43, -47.68, -47.32, -46.61, -47.01, -47.25, -47.28, -46.26, -47.12, -46.51, -46.79, -46.36, -47.58, -47.63, -47.26, -47.38, -46.66, -43.29, -43.08, -46.14, -46.15, -45.98, -46.36, -46.61, -46.50, -46.56, -45.71, -45.59, -46.67, -45.92, -46.74, -46.93, -46.54, -47.28, -45.63, -46.16, -46.02, -46.01, -45.97, -46.56, -46.86, -46.64, -45.66, -47.72, -46.57, -45.21, -46.22, -47.16, -47.38, -47.30, -47.10, -47.43, -47.42, -46.98, -46.58, -46.62, -46.48, -47.63, -46.97, -47.29, -47.02, -46.32, -46.96, -47.12, -47.45, -46.10, -46.77, -46.75, -46.40, -46.97, -46.74, -46.62, -46.58, -47.83, -47.58, -47.00, -48.01, -46.76, -47.16, -47.32, -46.87, -46.86, -46.33, -47.46, -46.90, -47.17, -46.88, -46.83, -37.64, -44.21, -45.46, -46.97, -47.03, -46.46, -46.38, -46.78, -47.06, -48.20, -46.88, -47.20, -47.58, -46.57, -46.90, -47.36, -46.91, -46.61, -47.00, -46.83, -47.37, -47.92, -47.63, -46.40, -47.26, -47.34, -46.64, -46.75, -47.67, -48.04, -46.89, -46.31, -47.17, -47.21, -46.89, -47.42, -47.43, -46.97, -46.83, -47.59, -46.73, -46.40, -45.71, -46.48, -46.67, -47.57, -46.06, -46.47, -45.49, -46.07, -43.63, -46.52, -45.43, -46.34, -46.55, -46.86, -46.50, -46.79, -45.84, -46.15, -46.44, -46.53, -46.62, -47.02, -46.45, -46.41, -46.94, -46.85, -46.10, -46.61, -47.35, -39.05, -46.02, -45.83, -46.14, -46.94, -46.15, -46.85, -47.01, -46.45, -46.36, -45.77, -45.34, -44.53, -44.20, -43.49, -43.38, -42.54, -44.30, -44.16, -45.12, -45.32, -44.93, -45.48, -45.83, -45.46, -46.74, -45.94, -45.79, -45.96, -47.19, -47.06, -47.06, -47.03, -45.97, -46.75, -47.08, -47.02, -47.74, -47.37, -46.68, -47.20, -46.54, -46.39, -45.89, -45.98, -45.40, -45.99, -45.00, -45.96, -46.06, -45.95, -46.72, -46.19, -45.86, -47.40, -46.35, -46.99, -46.91, -47.62, -46.74, -46.67, -47.03, -47.46, -47.13, -46.43, -46.52, -46.32, -46.99, -46.46, -46.57, -44.55, -38.91, -42.31, -46.30, -46.86, -46.05, -46.12, -47.40, -47.13, -47.06, -47.11, -46.70, -47.08, -46.78, -46.38, -45.83, -47.07, -45.96, -46.13, -46.51, -46.80, -46.36, -46.67, -46.51, -46.05, -46.77, -46.36, -46.86, -47.03, -46.90, -46.82, -46.50, -46.90, -46.50, -47.40, -46.65, -46.42, -47.12, -47.07, -47.58, -47.14, -46.25, -47.15, -47.17, -46.81, -46.77, -46.40, -45.50, -48.38, -46.77, -46.94, -46.79, -47.29, -46.78, -47.67, -46.52, -47.89, -47.52, -47.01, -46.78, -47.45, -47.63, -47.51, -46.99, -47.31, -47.05, -46.31, -47.95, -47.20, -46.81, -46.99, -44.43, -41.92, -46.61, -47.44, -47.81, -47.79, -47.29, -47.15, -46.89, -46.06, -45.61, -44.42, -44.10, -43.66, -43.82, -44.44, -45.24, -43.80, -43.86, -43.07, -42.11, -41.00, -40.72, -41.15, -41.21, -41.25, -42.08, -42.97, -44.13, -42.54, -42.52, -43.61, -44.74, -45.52, -44.89, -46.01, -46.40, -46.45, -46.49, -47.12, -46.52, -46.94, -46.55, -46.88, -47.47, -47.04, -47.27, -47.46, -48.01, -47.40, -47.01, -46.92, -47.19, -47.66, -46.95, -47.20, -46.89, -46.83, -46.68, -47.56, -47.38, -47.40, -47.17, -47.62, -47.79, -46.91, -46.83, -47.22, -47.44, -46.97, -47.09, -45.07, -46.18, -48.09, -48.01, -48.09, -48.27, -47.38, -47.55, -47.62, -48.34, -48.15, -48.36, -48.75, -47.72, -48.30, -47.69, -48.37, -49.48, -48.31, -48.34, -47.89, -48.04, -47.93, -47.93
2026-10-01, 16:50:43, 96890516, 99109482, 5425.35, 96, -48.21, -47.37, -48.66, -48.48, -48.39, -48.45, -48.71, -48.33, -48.95, -48.48, -48.90, -48.88, -48.34, -48.06, -48.29, -48.74, -49.22, -48.51, -48.30, -48.23, -47.85, -48.57, -47.93, -47.95, -48.48, -47.90, -48.56, -47.60, -49.28, -47.98, -48.43, -47.61, -48.11, -47.86, -47.43, -47.24, -46.22, -47.21, -46.92, -47.85, -46.81, -47.29, -46.92, -46.78, -47.58, -46.88, -47.65, -47.26, -44.40, -43.48, -47.57, -46.64, -47.78, -46.77, -47.50, -47.19, -47.75, -47.52, -47.43, -47.53, -48.12, -47.10, -47.67, -45.93, -45.80, -45.29, -44.74, -43.09, -43.91, -44.26, -43.94, -43.72, -42.92, -42.66, -42.55, -41.74, -41.37, -41.80, -41.54, -42.18, -42.61, -42.60, -42.54, -42.37, -42.36, -44.82, -45.54, -45.12, -43.70, -46.35, -46.70, -47.05, -47.36, -47.53, -48.05, -48.66, -46.61, -47.12, -47.24, -47.13, -47.17, -47.34, -47.53, -46.83, -47.91, -47.20, -46.91, -47.14, -47.28, -48.13, -47.08, -47.93, -46.04, -47.11, -48.08, -47.34, -47.69, -47.90, -47.35, -44.34, -46.89, -46.94, -47.53, -47.36, -47.20, -48.07, -47.22, -47.85, -47.64, -47.53, -47.95, -47.99, -48.57, -48.52, -48.48, -47.89, -47.26, -47.71, -48.10, -47.50, -47.03, -47.39, -46.94, -47.53, -46.94, -46.20, -45.57, -44.34, -44.21, -42.16, -41.16, -43.42, -44.69, -44.31, -45.08, -45.50, -46.81, -47.31, -47.73, -46.83, -47.86, -47.54, -46.89, -47.51, -48.04, -46.81, -47.43, -47.16, -47.31, -47.00, -47.26, -47.07, -47.43, -47.49, -47.89, -47.03, -46.97, -47.12, -47.30, -47.36, -47.51, -48.08, -47.30, -46.98, -46.90, -46.42, -47.41, -46.96, -47.21, -47.21, -42.35, -47.57, -47.32, -47.11, -48.68, -47.04, -46.90, -46.81, -46.71, -46.93, -47.23, -46.97, -47.04, -46.53, -46.60, -47.27, -47.27, -47.24, -46.49, -46.96, -47.76, -47.19, -47.13, -47.56, -46.87, -47.32, -46.92, -46.97, -47.02, -47.52, -47.03, -47.48, -47.56, -47.73, -46.82, -47.53, -47.04, -47.40, -47.46, -47.32, -47.45, -47.26, -47.15, -46.99, -46.95, -46.91, -47.36, -47.52, -47.82, -46.74, -47.39, -46.53, -47.80, -47.70, -47.57, -47.32, -46.84, -47.62, -47.16, -46.49, -47.83, -47.21, -46.90, -46.84, -46.25, -46.59, -45.96, -45.89, -45.68, -45.01, -42.76, -32.87, -43.92, -46.12, -46.85, -46.41, -47.07, -47.17, -47.21, -47.08, -46.61, -47.88, -46.82, -48.00, -47.53, -47.79, -47.49, -48.05, -47.01, -47.76, -47.47, -47.32, -47.29, -47.48, -48.00, -47.23, -47.33, -46.78, -47.37, -46.47, -46.90, -47.79, -49.21, -47.70, -47.21, -47.69, -45.42, -46.26, -46.24, -45.76, -46.08, -45.98, -46.18, -46.68, -46.61, -45.70, -45.17, -45.52, -46.34, -46.28, -45.44, -46.53, -45.86, -46.76, -46.52, -46.11, -46.95, -47.25, -47.00, -45.89, -46.67, -46.77, -46.27, -44.77, -43.70, -42.89, -41.21, -39.61, -38.70, -38.53, -38.09, -36.37, -34.67, -32.25, -30.97, -33.08, -33.48, -34.26, -34.34, -36.77, -38.20, -38.77, -40.75, -40.82, -42.37, -43.07, -43.64, -45.56, -46.79, -46.45, -46.77, -46.95, -46.83, -47.20, -46.24, -47.16, -45.50, -46.48, -46.24, -45.58, -44.78, -46.22, -45.52, -45.73, -46.28, -45.93, -45.69, -46.05, -45.28, -45.57, -45.05, -46.78, -47.49, -46.55, -46.72, -47.28, -47.88, -47.54, -48.12, -47.78, -48.22, -47.64, -48.53, -46.87, -47.55, -47.77, -47.01, -46.91, -47.29, -47.23, -47.63, -48.02, -47.76, -48.25, -48.12, -47.50, -47.94, -48.17, -48.24, -48.13, -48.09, -48.14, -46.28, -47.19, -47.74, -47.45, -47.39, -48.24, -47.33, -47.61, -47.61
2026-10-01, 16:50:43, 99112738, 101331704, 5425.35, 96, -46.07, -45.75, -46.46, -46.88, -46.42, -45.87, -45.68, -45.68, -46.20, -45.72, -46.78, -47.53, -47.65, -47.13, -45.63, -44.94, -45.56, -45.30, -44.25, -44.91, -45.77, -44.98, -44.69, -44.65, -43.47, -44.39, -45.58, -47.09, -46.03, -46.77, -46.61, -47.13, -46.32, -46.20, -45.71, -46.40, -44.99, -45.62, -44.43, -44.63, -42.98, -44.40, -44.82, -45.78, -45.83, -47.07, -46.01, -46.35, -46.63, -46.28, -46.57, -46.50, -46.04, -47.06, -46.50, -45.87, -45.53, -45.54, -45.86, -45.47, -44.42, -45.54, -45.70, -45.08, -43.31, -44.64, -42.80, -42.50, -42.53, -41.94, -40.12, -38.08, -38.29, -37.30, -39.85, -41.54, -44.03, -43.63, -45.05, -44.51, -44.24, -44.30, -46.13, -45.52, -46.34, -45.84, -47.09, -45.98, -45.67, -46.26, -46.05, -46.24, -46.51, -46.96, -46.45, -47.18, -47.02, -46.39, -46.91, -46.60, -46.70, -46.00, -47.15, -46.18, -45.44, -46.12, -44.78, -45.88, -46.92, -46.27, -47.01, -47.34, -45.75, -47.14, -47.53, -45.36, -46.94, -45.92, -45.77, -44.74, -44.79, -43.78, -44.15, -44.45, -45.97, -46.76, -46.11, -46.29, -46.82, -45.91, -46.77, -46.68, -46.55, -46.71, -44.35, -44.30, -46.24, -46.50, -46.53, -46.68, -45.98, -46.90, -46.10, -46.95, -45.58, -45.84, -44.48, -45.64, -44.72, -45.67, -45.80, -45.51, -44.75, -43.73, -44.15, -43.81, -45.00, -44.97, -46.03, -47.07, -46.62, -47.16, -46.70, -46.04, -45.83, -42.88, -46.86, -46.83, -46.42, -45.43, -45.48, -46.59, -46.26, -45.89, -46.19, -45.99, -45.92, -46.09, -46.39, -45.71, -45.18, -45.62, -46.05, -45.50, -45.76, -45.83, -45.31, -45.59, -45.42, -46.85, -46.05, -45.93, -46.38, -46.25, -46.87, -46.50, -46.17, -45.14, -46.11, -45.63, -46.10, -44.75, -43.91, -44.45, -43.27, -46.16, -46.16, -46.50, -46.58, -46.89, -46.44, -47.07, -45.84, -45.60, -45.63, -46.90, -46.17, -46.36, -45.99, -45.79, -44.77, -45.69, -45.16, -46.01, -44.89, -45.93, -45.81, -45.81, -46.83, -45.56, -45.48, -45.63, -45.99, -45.54, -45.78, -46.36, -45.55, -45.26, -45.77, -46.03, -45.62, -46.02, -45.61, -45.56, -44.99, -45.88, -46.43, -45.61, -45.96, -46.67, -46.68, -45.89, -45.95, -46.23, -46.13, -46.18, -43.94, -44.34, -45.15, -45.83, -45.20, -45.83, -45.70, -46.04, -45.93, -46.52, -46.02, -45.95, -45.67, -46.62, -45.91, -46.74, -46.85, -45.73, -46.02, -46.12, -44.41, -45.62, -45.83, -45.38, -46.11, -46.03, -45.18, -45.56, -43.53, -43.95, -43.08, -43.80, -44.58, -45.76, -44.78, -45.82, -46.04, -45.21, -44.65, -45.44, -44.08, -45.36, -44.62, -45.26, -45.36, -44.70, -45.49, -44.82, -45.06, -45.28, -45.15, -45.17, -44.11, -46.18, -45.12, -45.03, -45.11, -44.80, -44.60, -45.60, -45.19, -45.29, -44.17, -44.76, -44.30, -44.45, -43.88, -43.78, -43.50, -43.54, -43.20, -43.77, -42.59, -41.83, -37.20, -32.56, -32.16, -31.91, -32.38, -31.67, -31.82, -31.44, -30.81, -29.76, -30.74, -30.51, -30.48, -33.81, -39.72, -40.14, -40.21, -39.06, -39.48, -38.61, -37.82, -37.31, -37.60, -36.13, -34.93, -34.06, -32.47, -28.95, -29.71, -28.99, -21.49, -16.08, -18.78, -18.19, -17.17, -12.65, -9.75, -9.97, -9.59, -12.40, -16.48, -20.79, -24.46, -25.47, -29.85, -32.19, -33.09, -34.05, -34.02, -35.40, -36.19, -37.05, -37.94, -38.29, -38.64, -39.33, -39.36, -39.75, -40.04, -39.85, -39.37, -33.82, -33.03, -34.08, -33.34, -33.62, -33.57, -34.16, -33.98, -35.15, -34.06, -34.82, -35.09, -35.46, -42.68, -43.46, -44.07, -44.15, -43.95, -44.40, -44.40
2026-10-01, 16:50:43, 101334960, 103553926, 5425.35, 96, -46.37, -47.14, -47.26, -46.62, -48.08, -47.44, -46.66, -46.18, -38.51, -46.94, -45.98, -46.75, -46.88, -47.40, -47.79, -47.46, -47.20, -46.93, -47.20, -47.01, -47.78, -46.29, -47.32, -47.01, -46.96, -46.30, -46.72, -46.42, -47.35, -47.09, -46.47, -46.50, -46.17, -46.38, -45.77, -46.33, -46.07, -45.71, -45.69, -43.64, -44.83, -45.06, -47.72, -47.49, -46.59, -46.34, -46.07, -46.73, -46.72, -45.96, -46.15, -46.47, -45.83, -45.90, -46.64, -45.21, -46.63, -45.59, -46.06, -46.06, -45.91, -46.24, -45.73, -46.65, -46.66, -46.31, -46.71, -46.93, -46.39, -46.43, -47.23, -46.21, -46.68, -46.11, -46.44, -47.24, -46.73, -46.08, -46.26, -46.06, -45.94, -46.33, -46.30, -47.15, -47.08, -46.93, -47.56, -46.77, -46.07, -46.52, -46.91, -47.30, -47.12, -46.76, -46.97, -46.76, -46.87, -46.54, -46.81, -45.24, -46.87, -45.67, -46.44, -45.88, -45.95, -45.16, -46.22, -45.43, -46.43, -46.04, -45.44, -44.83, -45.96, -45.30, -45.10, -45.42, -45.33, -45.71, -45.59, -46.05, -45.76, -43.95, -45.12, -46.44, -46.53, -46.50, -46.46, -46.62, -46.54, -46.47, -46.81, -46.95, -46.36, -46.84, -45.66, -46.78, -46.42, -45.90, -46.27, -46.37, -45.83, -44.70, -45.01, -46.05, -46.64, -46.87, -46.37, -46.31, -45.91, -46.23, -45.87, -46.52, -46.11, -45.80, -45.48, -45.24, -46.62, -45.61, -46.04, -46.12, -45.29, -46.65, -45.87, -45.36, -46.16, -45.04, -45.52, -44.68, -44.50, -44.57, -42.63, -43.75, -45.41, -45.26, -45.75, -45.91, -46.93, -45.36, -46.11, -45.67, -45.11, -45.86, -45.56, -45.20, -46.03, -45.94, -46.45, -45.77, -46.38, -45.50, -44.86, -45.66, -45.03, -46.20, -46.64, -45.89, -44.64, -46.17, -45.68, -45.95, -45.94, -45.93, -45.61, -43.67, -44.42, -45.10, -45.10, -43.21, -42.56, -42.78, -42.14, -41.85, -39.71, -40.76, -40.66, -41.41, -40.68, -42.33, -41.45, -41.73, -42.78, -43.75, -43.81, -43.21, -44.36, -44.26, -44.96, -45.85, -45.60, -47.04, -46.33, -46.79, -46.51, -45.80, -46.40, -46.25, -46.19, -46.93, -46.64, -45.90, -45.87, -45.96, -46.36, -45.92, -46.22, -45.69, -45.59, -46.02, -44.59, -43.67, -44.13, -43.44, -39.95, -40.77, -44.03, -44.47, -45.38, -46.50, -46.28, -46.56, -46.04, -46.33, -46.01, -45.99, -46.25, -46.58, -46.48, -46.61, -45.74, -46.04, -46.02, -46.21, -46.95, -46.12, -46.48, -47.18, -46.01, -46.80, -46.68, -46.23, -46.34, -45.45, -44.94, -45.38, -45.32, -44.97, -45.86, -46.60, -46.86, -46.35, -46.22, -43.35, -46.67, -46.73, -45.74, -46.13, -46.85, -47.19, -46.14, -46.56, -45.94, -45.36, -45.90, -45.46, -46.11, -45.69, -45.75, -45.99, -46.67, -46.02, -45.97, -46.97, -47.04, -47.19, -47.12, -46.43, -46.12, -46.15, -46.48, -45.56, -46.50, -46.80, -46.52, -45.76, -45.45, -45.81, -43.84, -39.04, -38.42, -39.83, -34.74, -34.32, -34.39, -32.77, -28.28, -30.52, -33.92, -35.85, -37.97, -41.48, -43.29, -45.40, -45.28, -46.28, -46.48, -46.49, -45.97, -46.17, -45.91, -45.96, -45.04, -45.47, -46.25, -46.65, -45.90, -46.30, -46.73, -46.12, -45.79, -45.22, -45.76, -45.25, -44.99, -45.18, -45.02, -45.15, -44.98, -43.77, -44.78, -45.19, -44.95, -46.41, -47.17, -46.65, -46.44, -46.26, -46.47, -45.87, -46.75, -46.99, -45.57, -45.67, -45.86, -44.80, -44.57, -45.49, -46.06, -45.89, -46.47, -46.39, -45.99, -46.20, -47.22, -47.04, -47.23, -47.43, -47.44, -46.64, -47.65, -46.93, -46.89, -47.23, -47.03, -46.90, -47.21, -47.11, -46.86, -46.31, -45.54, -41.15, -41.15
2026-10-01, 16:50:43, 103557182, 105776148, 5425.35, 96, -47.92, -46.63, -47.22, -48.18, -47.53, -47.17, -47.73, -47.93, -48.02, -47.39, -47.81, -47.80, -46.48, -45.49, -45.25, -42.29, -41.31, -40.89, -39.92, -39.68, -39.32, -40.17, -39.28, -39.19, -39.21, -39.80, -39.06, -40.51, -39.42, -40.63, -40.80, -41.44, -42.06, -42.18, -43.02, -44.11, -45.21, -45.18, -46.07, -46.54, -46.98, -46.13, -46.67, -46.85, -46.17, -46.65, -46.98, -45.82, -46.76, -46.22, -46.09, -46.98, -46.19, -46.26, -46.96, -46.99, -46.85, -46.56, -47.44, -46.94, -47.64, -46.77, -47.74, -47.52, -47.05, -47.95, -47.25, -47.72, -47.18, -47.47, -46.78, -47.63, -47.97, -47.02, -47.21, -47.46, -48.03, -46.74, -47.40, -47.26, -46.77, -47.55, -45.31, -46.70, -46.71, -48.06, -47.25, -47.05, -46.37, -47.20, -46.71, -46.82, -47.03, -46.90, -46.63, -46.03, -47.57, -46.41, -45.89, -45.96, -44.68, -44.72, -45.69, -46.50, -46.49, -46.43, -47.28, -47.60, -47.13, -47.42, -46.90, -47.97, -47.27, -46.90, -46.69, -46.72, -47.12, -48.19, -47.65, -46.91, -46.46, -47.01, -46.50, -47.26, -47.05, -46.98, -46.42, -47.11, -47.18, -46.74, -47.08, -47.00, -46.19, -46.49, -46.88, -47.39, -46.83, -46.64, -46.88, -46.98, -47.43, -46.83, -47.47, -46.69, -46.25, -47.28, -46.05, -46.61, -45.61, -46.48, -46.78, -46.84, -45.97, -46.61, -46.41, -47.09, -46.28, -46.73, -46.88, -46.67, -47.31, -46.91, -46.63, -46.82, -46.81, -45.95, -46.23, -46.80, -46.34, -46.21, -47.05, -47.37, -46.58, -45.01, -44.87, -41.29, -40.49, -41.07, -40.31, -39.18, -39.28, -39.65, -40.19, -39.46, -40.66, -40.23, -39.88, -40.13, -40.80, -40.93, -42.22, -44.25, -44.52, -45.57, -44.85, -43.41, -43.52, -41.39, -40.60, -37.23, -36.62, -33.56, -33.60, -33.79, -28.98, -28.18, -28.18, -27.17, -26.02, -24.46, -23.25, -17.70, -22.34, -22.57, -21.37, -26.02, -28.72, -27.15, -28.38, -33.96, -36.44, -35.74, -37.65, -38.49, -40.34, -41.51, -42.59, -43.96, -44.53, -44.09, -46.20, -44.49, -43.63, -39.88, -40.51, -39.30, -40.83, -39.27, -39.93, -40.77, -39.92, -40.15, -40.30, -40.37, -39.95, -40.32, -40.49, -40.34, -43.87, -46.09, -46.04, -46.89, -47.79, -46.61, -46.11, -46.27, -46.66, -47.22, -46.52, -46.89, -46.86, -46.55, -46.43, -46.93, -46.63, -46.93, -45.51, -47.26, -46.78, -46.33, -47.21, -46.02, -46.63, -46.52, -46.87, -47.74, -46.57, -47.68, -46.75, -47.21, -46.04, -46.97, -46.87, -46.84, -46.69, -46.94, -46.91, -46.89, -46.48, -47.31, -46.43, -46.79, -46.55, -46.30, -47.27, -46.36, -47.32, -46.44, -46.74, -47.38, -47.43, -46.43, -47.04, -47.69, -47.20, -47.14, -47.74, -47.13, -47.11, -47.63, -47.61, -47.52, -47.93, -46.35, -47.43, -47.48, -47.33, -47.86, -47.99, -46.88, -47.61, -47.27, -47.17, -47.59, -47.68, -47.58, -48.00, -48.03, -47.84, -48.21, -47.68, -47.71, -47.93, -47.54, -48.34, -48.52, -48.55, -47.26, -48.12, -47.85, -47.78, -46.72, -48.03, -47.99, -47.46, -48.12, -46.53, -46.16, -46.23, -47.21, -46.10, -45.61, -45.81, -43.94, -43.91, -43.04, -43.07, -42.22, -42.68, -42.24, -43.56, -43.40, -42.77, -43.01, -43.99, -44.76, -44.67, -46.38, -46.63, -46.27, -46.32, -47.27, -47.17, -47.73, -47.43, -47.33, -48.18, -47.63, -47.17, -48.00, -48.24, -48.01, -47.93, -47.41, -48.03, -47.33, -48.47, -49.44, -48.48, -48.41, -48.36, -47.33, -48.88, -48.11, -47.58, -47.65, -47.90, -47.33, -47.66, -48.30, -47.98, -48.16, -48.24, -48.12, -47.87, -49.07, -48.05, -47.95, -48.29, -47.95, -47.95
2026-10-01, 16:50:43, 105779404, 107998370, 5425.35, 96, -48.38, -48.88, -47.87, -47.94, -48.45, -49.02, -48.66, -48.49, -48.67, -48.26, -48.85, -47.88, -48.64, -48.39, -48.84, -47.29, -47.02, -47.78, -47.79, -47.29, -47.53, -48.96, -48.12, -47.47, -47.14, -47.76, -47.80, -48.20, -47.81, -47.11, -46.50, -47.20, -47.54, -47.64, -48.20, -47.28, -47.92, -47.65, -46.20, -46.99, -47.15, -47.32, -46.96, -47.26, -47.67, -47.78, -47.75, -47.33, -47.67, -47.67, -46.75, -47.54, -46.94, -47.53, -47.42, -46.82, -46.57, -46.96, -47.71, -47.19, -46.16, -47.84, -46.73, -47.86, -47.50, -47.51, -46.69, -47.26, -47.06, -48.01, -46.97, -46.69, -47.55, -47.23, -47.62, -47.51, -47.21, -47.78, -48.11, -47.42, -46.57, -47.36, -47.53, -47.47, -47.09, -47.65, -46.69, -45.29, -47.41, -46.53, -47.37, -46.51, -47.57, -46.50, -47.00, -45.59, -47.25, -46.79, -46.63, -46.68, -46.64, -46.20, -46.71, -46.67, -46.48, -46.93, -46.41, -46.90, -47.31, -46.56, -46.85, -47.30, -46.81, -47.59, -46.95, -47.49, -46.25, -47.45, -48.02, -47.25, -46.97, -46.15, -46.59, -46.31, -46.55, -46.37, -46.46, -46.50, -46.84, -46.84, -47.11, -46.83, -46.73, -47.21, -46.55, -46.67, -46.77, -46.82, -48.19, -47.27, -47.34, -46.74, -46.95, -47.78, -46.46, -47.07, -46.85, -47.38, -46.57, -47.56, -46.80, -47.27, -47.29, -46.40, -47.04, -47.21, -46.42, -46.93, -46.49, -47.09, -45.95, -47.43, -46.74, -46.66, -45.89, -47.36, -46.86, -46.60, -46.15, -45.91, -44.73, -41.44, -41.46, -40.44, -40.45, -41.46, -42.07, -41.08, -40.72, -41.23, -40.90, -40.71, -40.50, -41.21, -45.20, -45.25, -45.29, -45.22, -44.34, -44.62, -44.32, -42.94, -41.58, -41.12, -39.89, -38.78, -37.17, -35.13, -34.93, -30.62, -29.78, -28.10, -26.48, -25.02, -23.99, -22.85, -22.85, -23.76, -22.68, -23.35, -22.32, -23.07, -26.36, -26.06, -27.51, -28.94, -31.37, -31.02, -33.12, -35.42, -38.11, -37.97, -38.66, -41.02, -42.59, -43.43, -44.17, -44.42, -44.87, -44.55, -43.74, -40.92, -39.27, -39.55, -39.91, -39.51, -39.64, -39.50, -39.63, -40.29, -40.44, -39.99, -39.43, -40.34, -44.80, -46.14, -46.77, -46.83, -46.70, -47.20, -46.62, -46.63, -47.22, -48.75, -47.62, -47.49, -46.93, -48.02, -47.01, -47.18, -47.10, -46.88, -47.24, -47.16, -47.20, -46.53, -47.04, -46.80, -47.29, -46.39, -46.32, -46.55, -45.90, -45.88, -45.53, -45.76, -45.15, -45.81, -45.30, -45.72, -44.03, -44.19, -44.81, -45.22, -45.25, -46.53, -44.96, -46.32, -46.47, -46.24, -46.32, -46.27, -46.35, -47.13, -46.99, -47.27, -47.53, -48.02, -47.60, -47.77, -47.78, -47.45, -47.19, -47.75, -47.74, -47.75, -47.75, -46.82, -47.99, -47.99, -47.99, -47.26, -47.17, -47.13, -46.71, -48.30, -48.10, -46.79, -46.79, -47.47, -47.27, -40.87, -47.32, -47.52, -47.64, -47.76, -47.87, -47.55, -46.80, -47.06, -46.39, -46.94, -47.60, -47.36, -47.18, -46.65, -46.55, -45.83, -46.11, -42.94, -43.86, -42.62, -38.04, -34.15, -34.07, -37.17, -34.36, -34.16, -33.38, -32.48, -32.11, -32.58, -29.95, -28.16, -27.62, -24.51, -29.14, -33.45, -34.49, -34.93, -36.09, -35.85, -36.33, -37.94, -38.83, -39.15, -36.58, -37.30, -41.28, -44.38, -43.92, -46.15, -46.48, -46.06, -46.34, -46.53, -46.69, -47.05, -47.35, -47.21, -47.90, -46.40, -47.29, -48.11, -46.81, -48.18, -47.96, -47.24, -47.54, -47.14, -48.24, -48.24, -48.22, -47.88, -47.58, -47.72, -47.69, -48.46, -48.13, -48.63, -46.98, -48.43, -48.57, -47.93, -47.90, -48.45, -47.90, -48.87, -47.88, -48.60, -48.60
2026-10-01, 16:50:45, 88001628, 90220594, 5425.35, 96, -47.44, -48.17, -47.42, -47.78, -47.36, -47.33, -46.97, -47.44, -47.96, -48.30, -48.16, -47.72, -48.02, -47.08, -47.69, -46.47, -44.59, -46.97, -47.93, -46.25, -45.98, -47.32, -46.85, -46.40, -45.84, -46.68, -47.18, -46.22, -46.80, -45.90, -46.10, -45.73, -45.95, -46.01, -45.13, -45.62, -45.40, -46.20, -44.43, -37.32, -44.19, -44.87, -45.31, -46.88, -45.32, -46.47, -44.99, -46.70, -45.49, -46.33, -46.02, -46.86, -46.58, -45.94, -46.04, -46.22, -46.94, -46.55, -46.14, -40.67, -46.28, -46.56, -46.65, -46.25, -46.22, -46.62, -46.88, -46.00, -46.28, -47.18, -46.10, -47.04, -46.28, -46.95, -46.94, -46.52, -47.10, -45.77, -47.13, -46.61, -46.62, -46.76, -46.64, -46.87, -46.47, -45.96, -46.10, -44.93, -45.83, -45.13, -45.19, -44.93, -43.58, -44.47, -44.33, -44.49, -44.86, -44.81, -44.78, -44.86, -45.89, -45.48, -46.24, -46.19, -46.74, -45.64, -46.34, -47.21, -46.49, -45.79, -46.22, -46.16, -45.92, -46.03, -46.83, -46.59, -45.11, -46.03, -46.58, -44.40, -43.50, -35.78, -43.36, -44.60, -44.65, -45.73, -46.28, -45.78, -46.56, -44.57, -40.82, -45.57, -46.10, -46.67, -46.13, -46.63, -46.49, -45.65, -46.11, -46.72, -47.36, -46.07, -46.40, -47.34, -46.89, -47.61, -46.25, -46.90, -46.16, -46.54, -46.49, -46.33, -46.26, -45.92, -46.37, -46.30, -46.29, -45.99, -46.22, -46.23, -45.86, -46.30, -46.48, -45.69, -45.76, -45.60, -44.55, -45.40, -46.20, -46.69, -44.91, -45.44, -45.26, -46.21, -45.44, -45.62, -46.07, -46.39, -46.27, -45.38, -45.54, -46.62, -46.75, -45.89, -45.22, -45.29, -46.25, -46.27, -46.37, -46.67, -46.54, -45.42, -46.82, -45.99, -45.54, -46.38, -45.84, -46.58, -46.25, -46.13, -42.19, -40.96, -45.51, -44.96, -45.53, -45.50, -45.50, -46.47, -45.75, -45.34, -45.92, -46.25, -43.98, -46.57, -45.20, -45.98, -45.58, -45.57, -46.25, -45.04, -45.62, -46.26, -45.78, -45.49, -45.62, -46.10, -46.56, -46.06, -46.82, -45.81, -46.45, -45.97, -46.62, -46.29, -46.86, -46.22, -45.68, -46.18, -46.16, -46.44, -47.04, -46.75, -45.93, -46.54, -45.75, -46.16, -46.74, -46.32, -46.56, -46.40, -46.78, -46.12, -45.94, -46.24, -46.24, -46.71, -46.48, -46.50, -46.64, -47.67, -46.41, -47.12, -46.23, -45.93, -46.71, -47.04, -47.13, -47.74, -47.43, -46.05, -46.14, -42.48, -44.93, -46.89, -46.16, -46.17, -45.90, -46.54, -46.13, -46.27, -47.10, -46.08, -46.55, -46.29, -46.99, -46.33, -47.51, -46.04, -46.92, -46.72, -47.15, -46.53, -46.70, -46.47, -46.59, -46.43, -46.43, -45.65, -46.43, -44.55, -45.04, -43.66, -41.72, -40.14, -39.84, -40.45, -39.58, -38.34, -39.72, -37.45, -38.10, -37.21, -36.76, -36.59, -36.81, -37.46, -35.85, -36.48, -35.74, -36.66, -35.96, -36.79, -38.42, -38.48, -39.48, -41.72, -42.51, -43.76, -43.46, -44.15, -45.89, -46.59, -46.78, -47.26, -47.29, -47.28, -46.54, -46.54, -47.09, -47.17, -47.09, -47.08, -42.76, -46.79, -46.67, -46.62, -46.28, -46.58, -46.49, -46.84, -45.94, -46.47, -45.65, -45.32, -46.21, -46.30, -46.67, -46.12, -45.46, -46.00, -45.96, -45.42, -45.29, -46.10, -45.86, -45.65, -45.78, -45.61, -45.94, -46.45, -46.41, -45.98, -46.24, -46.19, -46.32, -46.56, -46.01, -46.63, -46.74, -46.83, -46.83, -46.87, -46.76, -47.25, -47.00, -47.51, -46.70, -47.29, -47.53, -46.80, -46.42, -46.45, -46.85, -45.78, -47.49, -47.34, -47.15, -47.89, -47.60, -47.94, -46.98, -48.58, -47.53, -47.87, -47.57, -48.50, -47.72, -47.65, -47.39, -47.84, -47.84
2026-10-01, 16:50:45, 90223850, 92442816, 5425.35, 96, -47.79, -47.11, -47.16, -42.35, -44.65, -44.31, -42.05, -41.90, -41.02, -41.62, -41.69, -41.37, -38.01, -40.22, -41.65, -41.90, -41.12, -39.54, -39.74, -39.87, -39.67, -41.56, -43.97, -43.67, -43.78, -45.68, -43.77, -46.88, -46.78, -47.54, -46.24, -46.96, -46.74, -46.32, -47.65, -46.35, -45.92, -46.86, -46.69, -46.06, -46.01, -46.27, -46.67, -46.16, -46.53, -46.67, -46.77, -46.27, -46.93, -45.98, -45.98, -46.19, -46.59, -46.23, -45.65, -46.29, -45.45, -46.46, -46.52, -46.06, -46.04, -46.52, -45.49, -45.70, -46.44, -45.41, -45.77, -45.85, -46.20, -45.94, -45.23, -44.61, -44.43, -44.35, -42.13, -43.23, -42.79, -40.81, -39.73, -41.62, -41.74, -40.21, -39.46, -37.83, -35.86, -31.87, -26.17, -20.27, -12.21, -19.09, -25.57, -31.68, -34.96, -37.33, -38.93, -40.47, -40.59, -41.57, -40.45, -40.11, -41.81, -42.54, -43.63, -44.28, -44.09, -44.51, -44.84, -45.07, -46.08, -45.50, -45.71, -46.31, -45.53, -45.59, -46.32, -46.16, -45.70, -45.94, -46.18, -45.74, -46.13, -45.76, -46.10, -46.53, -46.63, -45.81, -46.00, -47.01, -46.36, -46.08, -46.04, -46.00, -46.32, -46.44, -46.19, -47.02, -46.50, -46.87, -46.04, -45.55, -46.87, -47.16, -46.03, -46.26, -46.24, -41.82, -46.41, -46.45, -46.44, -46.51, -45.82, -46.05, -45.42, -47.27, -45.41, -47.41, -46.31, -46.63, -47.50, -45.67, -45.95, -46.48, -46.45, -46.27, -45.56, -46.29, -46.75, -45.93, -45.60, -45.76, -43.97, -45.77, -46.13, -46.75, -46.35, -46.16, -46.41, -45.52, -45.94, -45.92, -46.23, -46.17, -45.72, -46.23, -45.97, -46.24, -46.13, -46.29, -46.05, -45.61, -45.50, -45.07, -43.21, -42.43, -42.17, -41.01, -40.54, -40.37, -39.11, -39.03, -39.73, -40.43, -40.62, -41.96, -42.41, -44.27, -44.27, -44.31, -45.40, -46.46, -45.67, -45.09, -46.51, -46.00, -45.23, -44.35, -39.87, -45.23, -45.62, -45.16, -46.71, -45.16, -45.58, -46.45, -46.92, -46.67, -45.84, -46.50, -45.73, -46.22, -46.47, -46.79, -45.97, -45.39, -46.10, -44.98, -45.65, -45.33, -45.41, -46.31, -46.30, -45.86, -45.75, -45.79, -46.08, -45.81, -46.89, -45.75, -45.93, -45.98, -45.91, -46.43, -44.05, -46.46, -45.40, -46.34, -46.28, -46.29, -46.69, -46.14, -46.37, -45.77, -46.08, -45.48, -46.09, -46.14, -46.29, -46.93, -47.32, -46.08, -47.05, -46.53, -45.78, -46.52, -46.88, -46.41, -46.09, -46.92, -46.92, -46.16, -46.29, -45.94, -45.48, -46.47, -45.85, -45.36, -41.10, -39.53, -44.43, -45.91, -45.59, -46.68, -46.84, -46.89, -46.22, -46.05, -46.76, -46.23, -46.34, -47.23, -45.94, -44.44, -45.18, -46.00, -45.58, -45.83, -46.58, -46.67, -47.02, -47.12, -46.68, -47.17, -45.67, -46.57, -46.53, -46.33, -46.09, -47.25, -45.99, -46.30, -46.33, -46.93, -46.31, -47.55, -45.72, -47.33, -47.51, -46.65, -46.66, -47.28, -47.43, -47.11, -47.09, -45.72, -45.88, -46.67, -45.80, -45.77, -46.53, -46.16, -46.74, -45.32, -45.55, -45.93, -44.93, -44.63, -43.94, -44.25, -45.13, -45.39, -45.23, -44.86, -45.50, -46.09, -45.83, -45.47, -46.45, -38.44, -42.11, -45.35, -45.20, -46.17, -45.88, -46.18, -46.36, -46.59, -46.42, -46.11, -47.12, -46.82, -46.25, -46.46, -46.93, -47.06, -45.98, -46.54, -46.38, -46.93, -46.89, -48.06, -46.51, -45.88, -44.10, -39.93, -45.12, -45.92, -46.35, -47.04, -46.56, -47.24, -46.64, -46.88, -47.20, -46.87, -47.39, -46.56, -47.12, -46.97, -47.46, -48.14, -47.53, -48.20, -46.91, -46.74, -48.06, -47.92, -47.23, -47.06, -47.85, -47.58, -47.58
2026-10-01, 16:50:45, 92446072, 94665038, 5425.35, 96, -47.01, -47.09, -47.58, -46.87, -46.66, -46.62, -46.80, -47.68, -46.88, -47.07, -46.42, -47.71, -47.03, -46.34, -46.91, -47.36, -46.57, -46.17, -41.33, -40.17, -46.05, -46.90, -46.45, -46.82, -46.13, -45.53, -46.94, -46.35, -46.60, -45.59, -46.86, -46.25, -46.65, -46.67, -46.56, -46.62, -46.20, -46.80, -46.40, -46.36, -45.41, -46.57, -45.62, -46.16, -46.04, -45.29, -44.68, -44.35, -44.71, -45.06, -44.89, -46.26, -45.64, -45.69, -45.37, -45.82, -46.74, -46.52, -45.92, -45.71, -46.19, -46.90, -47.13, -46.03, -45.89, -46.34, -46.59, -45.86, -46.47, -46.10, -46.21, -47.32, -47.19, -46.64, -46.11, -46.94, -46.58, -46.40, -46.55, -45.98, -47.20, -45.90, -46.53, -46.34, -45.93, -45.68, -46.19, -46.43, -46.49, -40.44, -44.22, -46.60, -46.13, -46.42, -46.20, -47.17, -46.60, -47.03, -46.31, -47.02, -46.07, -47.05, -46.05, -46.93, -46.48, -46.81, -46.37, -46.57, -46.03, -46.66, -46.27, -46.76, -47.37, -46.36, -46.94, -47.02, -46.21, -46.30, -46.43, -46.47, -46.40, -46.08, -46.43, -46.83, -46.11, -45.96, -46.40, -46.41, -47.22, -46.71, -45.79, -46.02, -45.56, -46.16, -46.31, -46.22, -45.84, -46.14, -47.35, -46.51, -46.85, -46.58, -46.89, -47.03, -46.38, -46.60, -45.99, -46.19, -45.91, -46.64, -45.85, -45.94, -45.05, -46.01, -46.06, -45.98, -46.80, -46.31, -46.29, -46.31, -40.12, -46.71, -46.25, -46.49, -46.69, -46.00, -46.25, -46.48, -45.81, -46.62, -46.20, -46.54, -47.24, -46.14, -46.75, -45.38, -45.82, -46.19, -46.55, -45.68, -46.24, -46.48, -46.86, -46.68, -46.88, -46.67, -46.25, -45.97, -46.42, -47.16, -46.12, -46.55, -45.94, -45.91, -47.08, -47.30, -45.96, -46.93, -46.41, -46.77, -46.72, -47.24, -46.76, -47.01, -46.43, -47.10, -47.10, -45.95, -45.31, -47.38, -45.84, -46.57, -46.47, -46.88, -46.24, -46.13, -45.93, -45.76, -45.28, -45.24, -44.21, -42.98, -41.49, -39.82, -39.16, -37.74, -37.26, -37.24, -37.49, -36.96, -38.04, -37.08, -38.29, -39.16, -40.34, -41.27, -41.46, -42.18, -44.28, -43.37, -44.47, -44.28, -45.48, -46.14, -45.59, -46.36, -46.86, -46.27, -46.57, -46.35, -46.37, -46.88, -46.79, -46.98, -46.34, -46.94, -47.18, -46.92, -46.43, -47.10, -47.06, -46.75, -46.92, -46.81, -46.57, -46.78, -47.34, -46.53, -47.58, -47.07, -47.39, -47.12, -47.23, -47.55, -47.23, -47.45, -47.46, -46.80, -46.83, -47.07, -47.26, -47.63, -46.01, -46.57, -46.92, -46.71, -47.79, -47.56, -47.29, -46.99, -47.49, -47.29, -46.71, -47.19, -46.66, -47.24, -46.97, -46.58, -47.22, -47.63, -47.19, -45.38, -45.57, -47.05, -46.68, -46.91, -47.59, -47.54, -47.74, -47.09, -47.46, -47.31, -48.68, -47.36, -48.28, -48.22, -47.22, -46.90, -47.39, -47.49, -47.03, -47.06, -47.99, -46.84, -46.85, -47.64, -48.24, -47.05, -47.09, -46.85, -47.33, -47.88, -48.01, -47.69, -47.17, -47.63, -47.42, -47.20, -47.29, -48.16, -47.56, -47.90, -47.78, -48.27, -48.15, -47.09, -47.05, -47.56, -47.54, -46.64, -48.04, -47.33, -47.25, -46.55, -47.28, -47.17, -47.84, -47.41, -47.07, -47.21, -46.41, -47.05, -47.72, -46.68, -47.29, -47.10, -46.83, -46.30, -44.24, -41.60, -40.55, -39.48, -38.87, -39.18, -38.63, -37.77, -37.04, -37.00, -36.36, -36.57, -36.66, -37.96, -37.59, -38.36, -38.64, -40.14, -41.16, -40.82, -42.09, -42.10, -43.56, -43.85, -44.16, -45.50, -47.26, -47.30, -47.47, -48.42, -47.77, -48.47, -48.89, -48.60, -47.85, -47.50, -48.94, -48.65, -47.52, -47.99, -48.46, -47.82, -47.82
2026-10-01, 16:50:45, 94668294, 96887260, 5425.35, 96, -48.04, -47.97, -46.99, -47.77, -48.21, -47.75, -47.38, -47.89, -48.40, -48.07, -48.48, -48.41, -47.97, -47.38, -48.30, -47.34, -48.32, -47.53, -47.47, -47.34, -46.16, -47.88, -47.48, -46.91, -47.57, -48.08, -47.00, -46.36, -47.18, -47.20, -47.64, -46.75, -46.40, -43.16, -43.16, -46.25, -46.48, -47.11, -46.78, -46.72, -45.86, -46.93, -46.15, -45.38, -47.66, -46.39, -46.92, -47.38, -47.09, -47.55, -46.66, -47.36, -46.21, -47.44, -46.82, -45.78, -46.07, -47.08, -46.64, -46.20, -46.74, -45.67, -46.94, -47.03, -46.56, -46.20, -47.04, -47.09, -46.68, -46.27, -46.26, -46.69, -47.21, -47.05, -46.96, -47.30, -46.63, -46.00, -47.11, -47.39, -46.55, -47.07, -47.07, -46.58, -47.59, -47.33, -46.34, -46.94, -47.13, -47.01, -47.78, -47.04, -47.60, -47.17, -47.48, -47.57, -46.48, -46.94, -47.62, -46.59, -47.54, -47.15, -47.04, -46.13, -37.88, -43.64, -45.99, -46.80, -46.92, -46.06, -46.75, -47.12, -46.45, -46.72, -46.54, -46.53, -45.96, -46.54, -47.45, -46.65, -46.84, -47.17, -46.24, -46.60, -46.69, -47.19, -48.01, -46.92, -46.46, -47.09, -46.85, -47.65, -47.07, -46.84, -47.37, -48.08, -46.68, -47.68, -47.34, -46.98, -47.14, -46.70, -46.95, -47.34, -47.46, -46.74, -46.36, -46.92, -45.84, -45.91, -45.98, -45.45, -45.67, -45.65, -44.54, -45.34, -46.45, -46.48, -46.43, -45.92, -46.99, -46.34, -45.77, -46.77, -46.16, -46.08, -46.68, -46.57, -46.51, -46.71, -45.95, -45.88, -46.48, -46.65, -46.70, -39.13, -46.03, -46.39, -46.13, -45.77, -46.56, -46.40, -46.51, -46.73, -45.65, -45.36, -45.50, -45.57, -44.51, -43.13, -43.19, -43.32, -43.66, -44.63, -46.02, -46.11, -45.92, -46.39, -46.09, -45.79, -46.06, -46.16, -47.05, -45.77, -45.54, -47.31, -47.31, -46.96, -46.87, -47.55, -45.89, -46.52, -46.58, -47.77, -47.18, -46.56, -46.66, -47.23, -46.64, -45.96, -46.04, -45.76, -45.67, -46.41, -47.05, -46.01, -46.66, -46.49, -46.74, -46.60, -46.36, -46.41, -46.85, -46.59, -45.99, -46.59, -47.02, -47.43, -46.63, -47.49, -46.57, -47.43, -46.79, -46.96, -46.66, -44.93, -39.38, -42.53, -45.59, -46.27, -47.26, -46.46, -47.39, -46.35, -47.57, -46.41, -46.75, -46.40, -46.28, -47.12, -45.75, -45.42, -45.55, -44.82, -46.08, -45.43, -46.21, -46.08, -46.99, -46.93, -46.51, -47.32, -46.52, -47.15, -47.07, -47.26, -48.39, -47.15, -47.34, -47.64, -46.33, -46.14, -47.96, -47.07, -47.74, -46.96, -46.87, -47.04, -47.32, -46.12, -47.28, -46.98, -45.38, -47.06, -47.48, -46.44, -47.45, -47.12, -47.53, -47.31, -47.09, -47.25, -47.72, -46.44, -46.96, -47.32, -47.24, -47.39, -47.42, -47.09, -46.96, -47.63, -47.70, -46.62, -46.90, -46.92, -43.99, -42.21, -46.94, -47.68, -47.57, -46.85, -46.13, -47.41, -46.91, -45.75, -45.87, -44.50, -44.31, -44.44, -44.98, -45.06, -44.40, -43.06, -43.42, -42.44, -41.68, -41.12, -40.77, -40.97, -40.95, -41.10, -41.20, -41.67, -42.31, -41.46, -42.95, -44.18, -45.55, -44.28, -46.09, -46.16, -47.45, -46.35, -46.94, -47.40, -47.25, -47.57, -47.59, -48.03, -46.86, -47.48, -47.57, -47.82, -47.55, -47.03, -47.15, -46.93, -47.28, -47.73, -47.10, -47.33, -46.71, -48.04, -47.36, -47.35, -47.55, -47.56, -47.31, -47.39, -47.35, -47.40, -47.85, -48.49, -47.39, -48.14, -47.49, -44.31, -46.55, -46.78, -47.46, -47.55, -47.89, -47.46, -47.73, -47.58, -47.82, -48.00, -48.09, -48.75, -48.65, -48.29, -48.02, -48.65, -47.75, -48.34, -47.35, -48.75, -48.61, -47.25, -47.25
2026-10-01, 16:50:45, 96890516, 99109482, 5425.35, 96, -48.45, -49.00, -47.88, -47.54, -47.91, -47.62, -48.48, -49.73, -49.33, -49.16, -49.15, -48.28, -49.14, -47.99, -48.11, -49.27, -48.33, -48.27, -48.73, -47.61, -48.44, -48.82, -48.48, -47.94, -47.84, -48.62, -48.23, -47.32, -49.02, -47.89, -48.02, -47.60, -47.09, -47.53, -46.89, -47.73, -47.16, -47.43, -46.47, -46.66, -46.61, -47.45, -47.13, -46.38, -46.94, -46.48, -47.22, -47.14, -44.74, -44.66, -46.38, -47.21, -46.34, -48.27, -47.56, -47.55, -46.36, -47.88, -46.81, -47.75, -46.48, -47.67, -46.35, -44.27, -42.71, -42.55, -43.20, -44.04, -43.00, -42.12, -42.48, -40.93, -41.37, -41.62, -41.54, -41.51, -42.43, -41.63, -43.25, -42.30, -43.85, -43.76, -44.46, -44.33, -43.97, -44.45, -46.08, -46.28, -45.83, -45.35, -46.97, -46.67, -46.49, -47.71, -48.47, -47.82, -46.75, -47.11, -47.33, -48.06, -47.32, -47.79, -47.75, -47.53, -47.64, -47.81, -47.98, -48.04, -47.63, -47.94, -46.90, -47.33, -45.88, -46.96, -47.93, -48.22, -46.98, -47.31, -47.29, -44.69, -46.79, -46.98, -47.01, -47.58, -47.52, -47.89, -47.59, -47.64, -48.34, -46.83, -47.45, -48.05, -47.02, -47.75, -47.96, -47.78, -47.47, -47.65, -47.86, -47.26, -47.83, -46.86, -47.08, -47.52, -46.71, -45.79, -45.39, -44.59, -43.30, -43.95, -42.10, -42.39, -44.04, -43.73, -45.65, -45.76, -45.04, -46.88, -46.19, -47.41, -46.99, -47.08, -47.07, -47.29, -47.08, -47.32, -47.17, -47.14, -47.43, -47.15, -47.52, -48.08, -47.75, -47.17, -48.03, -46.63, -47.21, -46.90, -47.47, -47.23, -48.68, -47.38, -46.84, -48.14, -47.44, -47.48, -48.01, -46.72, -47.28, -46.84, -42.59, -47.20, -46.87, -47.43, -47.31, -46.50, -47.67, -47.57, -47.26, -46.77, -47.37, -47.66, -47.18, -46.92, -47.21, -48.28, -48.28, -47.49, -47.08, -46.93, -47.97, -47.56, -46.28, -47.25, -47.47, -47.18, -47.14, -47.79, -47.05, -47.70, -47.21, -47.14, -47.32, -46.88, -47.30, -47.10, -46.73, -47.34, -47.55, -47.90, -47.59, -47.01, -47.95, -46.63, -46.78, -47.75, -48.08, -47.16, -48.02, -46.12, -47.39, -48.00, -47.01, -47.23, -47.29, -47.40, -47.14, -46.97, -47.89, -48.14, -45.45, -47.45, -47.03, -46.97, -47.58, -46.26, -46.37, -45.48, -45.87, -44.60, -42.98, -32.65, -43.69, -45.84, -46.06, -46.35, -46.47, -47.20, -47.22, -46.94, -46.04, -47.24, -47.41, -47.30, -48.68, -46.95, -47.61, -47.09, -47.14, -47.70, -47.62, -47.80, -47.09, -46.83, -47.13, -47.45, -47.34, -47.15, -47.54, -47.63, -47.37, -47.14, -47.45, -47.77, -46.49, -47.95, -45.78, -47.78, -46.40, -46.46, -46.48, -46.28, -46.92, -46.48, -45.76, -46.25, -46.23, -46.17, -46.03, -46.20, -46.09, -46.26, -45.94, -46.82, -46.93, -46.75, -45.96, -46.61, -47.10, -46.28, -46.41, -45.58, -44.70, -44.36, -42.66, -43.12, -41.11, -40.80, -40.37, -39.48, -40.74, -39.65, -38.08, -37.99, -36.82, -35.46, -33.46, -33.00, -33.29, -32.76, -33.77, -34.99, -34.59, -34.85, -38.50, -38.53, -41.33, -42.71, -44.95, -45.61, -46.27, -45.85, -45.82, -46.75, -47.20, -46.17, -45.63, -45.80, -46.13, -46.27, -45.29, -45.86, -45.08, -45.47, -45.71, -46.06, -45.51, -46.06, -45.75, -44.70, -44.87, -45.89, -46.34, -47.36, -47.23, -46.83, -46.70, -46.67, -47.49, -47.20, -47.77, -47.67, -47.10, -47.25, -48.05, -48.08, -47.69, -47.02, -47.53, -47.15, -47.51, -47.60, -49.04, -47.70, -47.53, -47.71, -48.75, -48.07, -48.22, -47.86, -47.96, -48.20, -46.38, -47.03, -47.92, -48.20, -47.60, -47.23, -47.56, -47.80, -47.80
2026-10-01, 16:50:45, 99112738, 101331704, 5425.35, 96, -43.33, -45.17, -44.54, -46.24, -45.09, -46.34, -45.68, -47.13, -47.28, -47.76, -46.36, -46.83, -46.73, -46.87, -45.49, -45.77, -45.70, -45.81, -44.36, -44.78, -44.33, -44.68, -45.23, -44.87, -45.00, -45.64, -44.42, -45.76, -47.33, -46.01, -45.87, -46.27, -46.25, -46.59, -46.25, -44.70, -45.11, -45.19, -44.78, -44.04, -45.77, -46.09, -46.45, -45.38, -45.87, -45.26, -46.09, -46.38, -45.65, -46.48, -46.51, -46.40, -46.62, -45.97, -46.41, -46.62, -46.05, -46.05, -45.94, -45.34, -43.60, -44.70, -45.19, -44.38, -43.26, -43.20, -43.83, -42.35, -40.33, -39.63, -40.55, -38.41, -38.92, -41.97, -41.92, -41.39, -42.30, -42.10, -43.09, -42.97, -43.61, -43.59, -45.56, -45.15, -46.14, -46.32, -45.78, -47.45, -46.49, -46.74, -46.96, -45.83, -46.36, -46.36, -46.38, -46.01, -46.47, -47.01, -47.19, -46.53, -46.13, -46.49, -45.78, -46.85, -46.24, -45.60, -45.26, -46.50, -46.31, -47.15, -45.93, -46.81, -45.41, -46.41, -46.98, -46.61, -45.91, -46.33, -45.28, -45.92, -45.15, -44.87, -46.36, -45.68, -45.69, -45.82, -46.10, -46.34, -45.83, -45.64, -45.63, -46.19, -46.40, -46.23, -44.06, -44.11, -47.08, -46.51, -46.94, -46.93, -47.29, -46.07, -46.91, -45.74, -46.00, -46.16, -45.99, -44.87, -45.38, -45.52, -45.15, -43.54, -43.89, -44.08, -44.09, -44.91, -45.47, -45.00, -45.67, -45.75, -46.48, -46.30, -46.55, -46.60, -45.07, -44.10, -46.34, -46.66, -45.75, -45.66, -45.36, -46.10, -46.45, -46.57, -46.39, -45.27, -45.96, -45.59, -46.95, -45.29, -45.77, -46.15, -46.68, -45.89, -45.26, -45.50, -45.82, -46.14, -45.42, -45.80, -45.74, -45.16, -45.62, -45.96, -45.59, -45.63, -45.63, -45.98, -46.37, -45.02, -44.41, -44.39, -43.37, -44.66, -45.37, -45.99, -45.99, -45.84, -45.98, -45.26, -45.96, -45.36, -45.97, -45.83, -46.68, -46.63, -45.93, -46.02, -45.83, -45.25, -46.33, -45.83, -46.17, -45.20, -46.03, -46.20, -44.97, -46.37, -45.57, -45.51, -46.48, -45.01, -45.19, -45.28, -45.51, -45.24, -44.97, -45.40, -46.06, -45.56, -46.08, -46.30, -45.73, -46.26, -45.99, -45.23, -45.37, -45.86, -45.81, -46.40, -45.31, -45.10, -45.21, -46.33, -45.87, -45.70, -45.00, -45.81, -45.39, -45.92, -45.82, -45.27, -46.14, -46.14, -46.08, -46.21, -45.84, -45.70, -46.79, -45.79, -45.29, -45.99, -46.68, -45.53, -46.31, -46.09, -45.35, -45.96, -46.27, -46.12, -46.18, -45.37, -45.30, -44.87, -43.95, -44.53, -45.04, -45.32, -44.97, -45.50, -44.65, -44.99, -45.69, -44.74, -44.82, -44.70, -44.51, -45.10, -44.95, -45.00, -44.97, -44.86, -45.08, -44.28, -45.03, -44.67, -44.85, -45.07, -45.03, -45.42, -45.75, -45.63, -45.40, -44.88, -45.80, -45.00, -45.30, -44.30, -44.86, -44.25, -44.38, -44.26, -44.24, -43.65, -44.24, -43.77, -43.59, -43.58, -43.25, -42.21, -37.22, -32.54, -32.76, -31.45, -32.35, -32.28, -31.54, -31.01, -31.17, -31.13, -31.24, -30.85, -30.53, -33.79, -39.66, -39.71, -39.49, -39.32, -39.41, -38.73, -38.03, -35.92, -34.66, -33.16, -32.28, -22.75, -24.49, -23.55, -21.57, -21.20, -19.62, -20.05, -15.12, -13.30, -12.06, -13.50, -10.77, -12.02, -17.33, -16.53, -16.19, -15.99, -16.86, -18.57, -20.19, -19.26, -20.93, -27.81, -31.52, -31.09, -35.86, -37.05, -37.71, -38.11, -39.38, -39.12, -39.73, -40.05, -40.64, -40.45, -39.83, -33.40, -33.46, -33.39, -34.15, -33.71, -34.07, -34.06, -34.44, -34.15, -34.67, -35.40, -35.34, -35.41, -42.49, -44.01, -45.39, -44.83, -45.21, -44.94, -44.94
2026-10-01, 16:50:45, 101334960, 103553926, 5425.35, 96, -47.10, -46.47, -46.40, -46.59, -46.74, -46.93, -46.45, -47.16, -38.91, -47.06, -47.17, -46.70, -46.65, -46.86, -46.95, -47.00, -47.58, -46.69, -46.89, -46.39, -47.87, -47.30, -46.70, -47.19, -46.80, -47.40, -46.50, -47.31, -46.81, -46.48, -45.95, -45.72, -45.99, -45.72, -46.13, -45.94, -45.10, -45.86, -44.85, -45.62, -46.37, -44.92, -45.92, -45.26, -47.47, -46.78, -47.04, -46.26, -46.24, -46.70, -45.91, -46.24, -46.24, -46.30, -45.89, -45.12, -45.35, -46.42, -46.62, -46.58, -46.34, -45.97, -46.25, -46.71, -46.98, -46.02, -47.22, -46.83, -46.56, -46.75, -47.16, -46.60, -46.47, -46.42, -46.66, -46.43, -46.81, -46.31, -47.12, -45.80, -46.37, -46.79, -47.15, -46.81, -46.26, -46.90, -45.88, -45.94, -45.26, -46.50, -46.12, -46.57, -46.84, -47.85, -46.93, -46.64, -45.66, -46.63, -46.48, -45.91, -46.73, -46.08, -46.42, -46.03, -45.57, -46.74, -45.67, -46.05, -46.07, -45.38, -45.29, -46.33, -45.58, -45.46, -45.50, -44.91, -45.05, -45.48, -44.66, -44.61, -45.38, -44.27, -45.97, -45.17, -46.13, -46.28, -46.30, -46.48, -46.65, -46.39, -46.24, -45.77, -46.99, -46.65, -46.08, -46.63, -46.90, -46.30, -46.51, -46.57, -45.53, -45.54, -45.36, -45.94, -46.19, -45.96, -46.57, -45.26, -46.11, -45.75, -45.44, -45.59, -46.05, -46.16, -45.83, -45.91, -45.93, -46.08, -45.44, -46.52, -45.34, -46.13, -45.60, -45.92, -44.82, -44.30, -45.60, -43.91, -44.65, -44.12, -44.15, -44.86, -44.73, -44.54, -46.08, -45.35, -44.84, -45.39, -45.98, -45.35, -45.55, -45.97, -45.46, -45.04, -45.33, -45.22, -45.81, -45.06, -45.73, -44.69, -45.49, -46.02, -45.83, -45.96, -46.24, -46.08, -46.22, -45.68, -45.98, -45.70, -45.50, -45.38, -44.99, -46.16, -44.80, -44.35, -44.35, -43.98, -45.22, -44.21, -43.41, -43.70, -43.67, -41.41, -41.87, -41.07, -41.53, -41.89, -40.30, -40.95, -39.52, -40.46, -41.91, -42.04, -41.00, -42.96, -44.06, -44.91, -45.35, -45.78, -46.29, -45.78, -45.63, -45.61, -45.61, -46.48, -45.98, -46.15, -45.86, -46.01, -45.99, -45.30, -46.00, -44.86, -45.38, -45.30, -45.47, -44.16, -45.47, -42.85, -43.86, -44.08, -42.27, -42.21, -44.01, -45.11, -43.67, -45.50, -45.40, -45.70, -46.37, -47.18, -45.71, -46.49, -45.73, -45.51, -45.89, -45.98, -46.81, -46.31, -46.14, -46.49, -46.94, -46.39, -45.65, -46.05, -46.92, -46.74, -45.89, -45.41, -45.79, -46.54, -43.89, -45.73, -45.45, -44.60, -46.10, -45.61, -46.43, -45.86, -46.59, -42.83, -45.99, -46.76, -46.38, -46.78, -45.80, -45.46, -45.99, -45.62, -45.61, -45.29, -45.57, -46.18, -45.70, -45.37, -46.20, -46.31, -45.62, -46.35, -45.30, -46.08, -46.49, -46.43, -46.62, -46.60, -47.21, -47.23, -45.92, -46.58, -46.33, -45.71, -45.71, -42.73, -42.50, -39.78, -38.50, -37.34, -36.98, -36.41, -37.18, -31.89, -34.46, -33.08, -31.09, -31.93, -34.35, -35.22, -35.64, -38.59, -40.66, -42.40, -40.58, -43.50, -44.17, -45.93, -45.79, -46.17, -45.89, -45.64, -46.22, -45.30, -45.73, -45.73, -46.23, -45.75, -47.36, -46.34, -45.19, -45.19, -44.69, -44.24, -45.29, -45.54, -44.66, -44.98, -44.98, -44.12, -45.56, -44.28, -45.55, -45.86, -47.47, -46.75, -46.14, -46.80, -46.29, -46.62, -46.12, -46.84, -45.54, -45.68, -45.24, -44.83, -44.74, -45.71, -46.18, -45.62, -46.84, -46.87, -46.66, -46.43, -46.68, -46.95, -47.90, -46.61, -46.75, -46.40, -47.55, -47.12, -46.80, -46.63, -47.50, -47.34, -46.20, -43.79, -43.60, -41.51, -41.23, -39.63, -39.63
2026-10-01, 16:50:45, 103557182, 105776148, 5425.35, 96, -47.25, -47.54, -46.83, -47.59, -48.64, -48.03, -46.74, -47.13, -47.72, -47.65, -46.91, -47.14, -46.79, -46.74, -45.30, -45.55, -44.02, -43.05, -43.19, -41.81, -41.81, -40.21, -40.58, -40.32, -39.79, -38.99, -39.44, -38.70, -40.48, -39.13, -40.08, -39.11, -40.02, -41.02, -40.53, -41.71, -43.04, -43.37, -44.83, -45.34, -46.55, -46.61, -47.11, -46.96, -46.39, -46.50, -47.29, -46.96, -46.30, -46.52, -46.50, -47.21, -46.29, -46.83, -46.24, -47.19, -48.26, -46.77, -47.07, -47.50, -46.75, -46.94, -47.25, -46.75, -47.84, -46.88, -46.71, -47.02, -48.14, -46.98, -46.85, -47.41, -46.59, -47.02, -46.67, -46.61, -47.60, -47.30, -47.20, -47.83, -47.71, -47.06, -44.82, -47.79, -46.71, -47.82, -47.57, -47.73, -47.49, -47.81, -47.20, -47.14, -47.18, -46.68, -46.55, -47.59, -46.52, -46.39, -47.46, -46.62, -44.46, -45.64, -45.50, -45.56, -45.66, -46.13, -46.70, -46.80, -47.72, -47.28, -46.43, -47.22, -47.39, -47.23, -46.50, -46.92, -46.56, -47.09, -47.48, -46.35, -47.86, -47.47, -46.67, -46.57, -47.12, -47.08, -47.00, -47.09, -46.96, -46.53, -46.52, -46.86, -46.87, -47.44, -46.84, -46.95, -46.93, -46.09, -45.76, -47.54, -46.35, -46.76, -47.21, -46.75, -46.83, -46.97, -46.21, -46.92, -45.87, -47.16, -47.78, -46.28, -46.27, -46.38, -46.38, -47.01, -46.13, -46.80, -46.89, -47.45, -45.82, -46.77, -46.44, -46.47, -46.88, -46.68, -46.44, -45.83, -46.46, -45.95, -46.40, -46.58, -45.85, -45.43, -44.61, -40.51, -39.99, -40.19, -40.31, -39.78, -40.28, -39.55, -40.64, -39.35, -39.91, -39.79, -40.24, -40.42, -40.04, -39.38, -42.56, -43.93, -44.78, -45.15, -43.99, -43.55, -42.61, -40.65, -38.58, -37.22, -36.40, -34.66, -32.86, -33.85, -31.35, -26.97, -26.97, -26.32, -25.26, -25.52, -23.28, -18.86, -21.24, -21.03, -22.30, -26.02, -27.18, -27.53, -28.11, -31.22, -31.48, -32.28, -33.98, -35.10, -37.17, -39.84, -42.13, -41.69, -43.60, -44.36, -44.45, -44.75, -42.97, -39.86, -40.09, -39.73, -40.07, -40.00, -40.47, -39.38, -40.02, -40.40, -39.30, -39.38, -40.38, -40.03, -40.06, -40.86, -43.40, -45.78, -45.86, -45.67, -46.16, -47.37, -46.39, -46.79, -46.38, -46.48, -46.27, -46.03, -45.64, -45.43, -47.00, -46.55, -46.53, -46.53, -46.64, -47.60, -47.65, -46.43, -46.58, -47.30, -46.32, -47.15, -46.06, -46.15, -46.95, -46.71, -46.97, -46.63, -47.34, -46.75, -46.19, -46.64, -46.71, -46.92, -47.57, -46.21, -46.65, -47.65, -46.15, -46.89, -46.37, -46.98, -47.63, -46.32, -46.93, -47.03, -46.48, -47.11, -46.30, -46.17, -47.68, -46.59, -47.59, -48.08, -46.85, -47.43, -47.69, -47.27, -47.71, -47.45, -48.24, -47.49, -48.03, -48.40, -46.59, -47.61, -47.08, -47.26, -47.52, -48.12, -48.04, -47.47, -46.77, -48.18, -47.77, -47.72, -48.32, -48.07, -48.09, -47.74, -47.92, -47.06, -47.15, -47.88, -47.28, -47.24, -47.32, -46.97, -47.73, -47.21, -47.03, -47.23, -48.08, -48.34, -47.24, -47.01, -46.76, -47.24, -46.36, -46.31, -44.62, -44.92, -45.20, -44.92, -44.82, -43.52, -41.93, -38.93, -41.35, -43.67, -43.72, -44.34, -44.34, -45.17, -46.20, -46.50, -45.85, -46.99, -48.13, -46.91, -47.46, -47.49, -47.08, -46.61, -47.76, -46.76, -47.36, -47.60, -48.05, -48.18, -48.26, -48.28, -47.01, -48.74, -47.91, -47.30, -48.49, -48.05, -48.27, -48.53, -48.16, -48.25, -48.45, -47.99, -47.95, -48.23, -47.87, -47.47, -47.64, -48.11, -47.93, -48.62, -48.20, -48.59, -48.35, -47.65, -48.64, -47.84, -47.84
2026-10-01, 16:50:45, 105779404, 107998370, 5425.35, 96, -48.12, -48.09, -47.79, -48.42, -48.23, -48.13, -48.05, -48.34, -48.12, -47.69, -48.41, -48.33, -48.38, -48.35, -47.96, -48.50, -48.59, -47.44, -47.60, -47.65, -48.44, -47.87, -47.28, -47.62, -46.81, -47.53, -47.63, -46.98, -47.24, -48.43, -47.40, -47.57, -47.79, -47.25, -48.14, -48.02, -47.50, -47.44, -46.59, -47.27, -46.97, -47.21, -47.44, -47.40, -47.28, -46.68, -47.10, -47.52, -47.22, -48.39, -47.44, -47.35, -47.12, -47.86, -46.77, -46.92, -47.08, -46.94, -46.81, -46.53, -47.14, -46.90, -47.72, -47.06, -46.85, -47.62, -47.37, -47.93, -47.07, -47.10, -47.01, -47.55, -47.69, -47.30, -47.63, -46.99, -47.29, -47.10, -47.79, -47.53, -47.04, -47.34, -47.19, -46.86, -47.40, -46.98, -47.10, -44.81, -47.22, -46.96, -47.39, -47.30, -47.47, -46.09, -46.99, -46.09, -47.36, -46.49, -47.08, -46.68, -46.42, -46.70, -46.44, -47.04, -47.19, -47.07, -47.91, -47.32, -46.91, -47.20, -46.48, -47.47, -46.45, -47.19, -47.28, -47.14, -47.13, -46.80, -46.64, -46.95, -47.88, -46.72, -46.89, -45.87, -46.76, -47.05, -47.05, -46.06, -46.42, -46.95, -46.25, -46.62, -46.15, -46.83, -47.16, -46.70, -46.49, -46.30, -46.86, -46.60, -46.89, -47.37, -46.74, -46.75, -46.50, -46.43, -46.35, -46.93, -46.53, -47.21, -47.81, -47.30, -46.32, -47.00, -46.60, -46.81, -46.73, -46.80, -45.44, -47.21, -46.06, -46.25, -46.77, -45.74, -46.43, -45.29, -46.50, -46.08, -46.52, -45.09, -44.44, -41.42, -41.35, -40.86, -41.33, -40.83, -40.71, -39.88, -41.30, -40.84, -40.76, -40.98, -40.85, -40.88, -45.41, -45.08, -44.71, -44.44, -44.91, -45.92, -44.53, -43.38, -43.12, -42.10, -39.71, -38.36, -35.97, -31.49, -33.40, -30.89, -31.85, -28.26, -27.17, -27.22, -25.83, -24.88, -24.88, -24.75, -22.65, -22.86, -21.85, -21.24, -24.75, -24.74, -25.68, -27.50, -31.38, -33.31, -34.47, -35.91, -37.52, -39.02, -40.76, -42.41, -44.44, -44.26, -44.18, -44.63, -44.86, -45.50, -44.01, -40.31, -40.00, -39.58, -39.51, -39.57, -39.97, -39.54, -39.66, -41.01, -40.31, -39.89, -38.84, -39.49, -43.38, -45.86, -47.75, -46.44, -46.38, -47.16, -47.24, -46.59, -47.88, -46.26, -47.93, -46.75, -46.86, -47.66, -47.40, -47.77, -47.98, -47.09, -47.43, -47.23, -48.10, -47.25, -47.16, -47.98, -46.97, -46.63, -47.17, -47.14, -47.02, -46.41, -46.27, -45.93, -45.90, -45.25, -45.79, -45.66, -44.57, -43.44, -45.04, -44.55, -44.87, -44.91, -44.38, -45.88, -45.98, -45.51, -46.10, -45.87, -45.40, -46.98, -46.01, -47.77, -46.79, -47.49, -47.63, -48.29, -47.93, -47.88, -48.11, -47.82, -47.70, -47.12, -48.38, -47.85, -48.51, -48.01, -47.65, -47.39, -47.48, -47.05, -46.99, -47.21, -48.09, -46.02, -48.16, -46.95, -47.50, -40.83, -47.46, -47.26, -47.31, -47.73, -47.68, -47.61, -47.64, -47.34, -47.10, -47.87, -47.69, -47.76, -46.53, -46.94, -46.66, -46.31, -46.41, -45.84, -44.65, -44.26, -40.95, -39.96, -36.02, -35.72, -34.89, -34.03, -35.58, -33.54, -32.66, -32.66, -32.76, -28.85, -27.45, -27.49, -28.21, -30.56, -32.91, -32.32, -34.01, -33.75, -34.80, -33.45, -34.93, -34.51, -32.03, -35.47, -39.92, -42.87, -44.49, -45.49, -44.98, -46.21, -46.24, -46.28, -46.21, -47.05, -46.89, -46.68, -47.34, -47.39, -46.77, -47.26, -48.36, -47.25, -47.47, -47.37, -47.48, -47.24, -47.64, -47.56, -47.74, -47.57, -47.52, -48.36, -48.05, -48.30, -48.97, -49.20, -48.55, -47.52, -47.27, -48.02, -47.88, -48.47, -48.67, -47.04, -47.66, -48.38, -48.38
2026-10-01, 16:50:47, 88001628, 90220594, 5425.35, 96, -48.67, -47.72, -47.73, -47.65, -47.71, -47.56, -47.61, -47.07, -47.12, -47.14, -46.51, -46.98, -47.35, -46.22, -46.70, -46.28, -45.97, -47.40, -46.04, -46.32, -45.85, -47.09, -46.10, -46.88, -46.29, -47.39, -45.87, -46.32, -46.87, -46.56, -46.26, -46.35, -45.39, -45.80, -44.67, -44.81, -43.67, -43.71, -42.89, -40.26, -42.62, -43.02, -44.74, -44.96, -45.62, -45.43, -45.51, -44.00, -45.46, -46.72, -45.74, -46.37, -45.73, -46.48, -46.11, -46.01, -45.75, -46.44, -46.60, -41.05, -45.94, -46.36, -45.69, -45.78, -46.57, -46.12, -46.18, -46.32, -46.09, -46.03, -47.40, -46.66, -45.52, -46.38, -46.39, -46.79, -46.04, -45.60, -45.57, -45.34, -46.06, -46.10, -46.10, -45.17, -46.00, -45.97, -45.56, -45.68, -45.31, -44.39, -44.78, -44.15, -44.64, -44.29, -44.62, -45.49, -45.55, -45.68, -46.00, -46.44, -47.18, -46.08, -46.49, -46.00, -45.97, -46.30, -46.07, -47.13, -46.36, -46.82, -46.27, -46.15, -46.08, -46.85, -46.03, -45.54, -43.87, -44.77, -43.56, -42.16, -42.31, -38.95, -41.84, -42.70, -45.43, -44.80, -45.66, -44.76, -45.73, -43.98, -41.29, -46.30, -46.26, -46.25, -46.42, -46.28, -45.87, -46.59, -45.56, -46.52, -46.04, -46.12, -46.52, -46.58, -46.28, -46.97, -47.03, -46.84, -46.73, -46.34, -45.82, -46.35, -46.41, -46.34, -45.63, -46.46, -46.14, -46.10, -46.46, -46.74, -45.56, -45.05, -45.65, -45.57, -46.35, -44.90, -44.66, -45.59, -44.89, -45.86, -46.53, -45.78, -45.38, -46.20, -46.40, -45.25, -45.28, -45.60, -46.91, -45.84, -46.83, -46.16, -46.78, -45.17, -46.31, -46.25, -46.52, -47.03, -46.08, -46.21, -46.65, -46.45, -45.91, -46.56, -46.59, -46.00, -46.47, -46.24, -45.82, -45.44, -42.15, -40.36, -44.49, -45.25, -44.85, -46.54, -46.54, -46.33, -45.99, -45.77, -47.56, -45.08, -44.78, -46.11, -45.66, -45.94, -45.75, -46.44, -45.48, -46.47, -45.81, -46.22, -46.33, -47.48, -46.12, -46.32, -46.79, -46.09, -46.40, -45.83, -46.28, -46.40, -46.11, -45.60, -46.08, -46.55, -45.92, -46.52, -46.37, -46.86, -46.18, -46.72, -46.60, -46.17, -46.53, -46.23, -45.99, -46.45, -46.73, -45.86, -46.49, -46.59, -47.44, -46.32, -46.38, -46.80, -45.91, -46.41, -45.93, -46.10, -46.73, -47.12, -46.40, -46.65, -46.87, -45.86, -47.02, -46.59, -46.16, -46.68, -45.99, -42.54, -45.22, -45.61, -47.19, -47.09, -47.25, -46.63, -46.30, -47.38, -46.23, -46.44, -45.84, -46.17, -47.57, -46.34, -46.83, -45.93, -45.88, -45.90, -46.42, -46.32, -46.30, -46.51, -46.09, -46.66, -46.71, -46.41, -45.95, -45.86, -46.58, -44.52, -42.08, -40.56, -39.88, -38.21, -39.14, -39.35, -37.42, -37.74, -37.47, -35.69, -34.52, -34.85, -34.70, -34.53, -35.46, -36.91, -36.92, -40.56, -39.47, -42.42, -43.60, -43.78, -43.84, -45.20, -44.99, -45.58, -46.26, -45.88, -47.29, -47.05, -47.25, -46.86, -46.17, -46.61, -47.07, -46.42, -47.23, -46.52, -46.75, -46.75, -41.94, -46.66, -46.42, -46.23, -46.64, -46.17, -46.49, -46.37, -46.06, -47.16, -46.99, -46.25, -46.89, -47.16, -46.61, -46.69, -46.45, -46.75, -46.83, -47.01, -45.80, -46.89, -47.39, -46.53, -46.79, -46.42, -46.28, -46.38, -46.79, -46.95, -46.54, -46.97, -46.69, -46.79, -45.86, -47.60, -47.90, -46.97, -46.56, -47.55, -47.00, -47.16, -46.84, -47.02, -46.50, -46.68, -46.94, -47.32, -46.43, -46.74, -46.22, -46.47, -47.01, -47.42, -46.71, -46.58, -47.06, -47.38, -48.16, -48.46, -48.63, -47.19, -47.08, -47.99, -47.56, -47.04, -47.29, -47.59, -47.59
2026-10-01, 16:50:47, 90223850, 92442816, 5425.35, 96, -48.25, -46.96, -47.48, -43.82, -45.01, -43.48, -43.09, -43.95, -45.64, -46.84, -45.20, -42.34, -43.39, -39.88, -34.81, -34.54, -40.32, -42.60, -42.45, -43.96, -41.98, -43.41, -46.50, -46.27, -46.55, -46.20, -45.42, -46.45, -45.94, -47.39, -47.29, -46.59, -47.58, -46.46, -46.07, -46.75, -46.36, -46.42, -46.56, -45.54, -45.57, -46.89, -46.71, -46.43, -46.81, -45.89, -45.70, -45.88, -46.04, -46.14, -45.84, -45.40, -44.92, -46.19, -46.81, -46.62, -46.75, -45.46, -45.86, -45.82, -45.61, -45.73, -46.26, -45.20, -45.29, -45.77, -45.04, -44.78, -45.27, -45.17, -44.48, -44.85, -44.67, -44.11, -40.97, -43.80, -42.53, -40.59, -38.61, -35.97, -33.20, -33.50, -33.85, -29.08, -28.36, -28.66, -23.45, -20.32, -14.71, -16.85, -21.32, -23.23, -26.52, -30.89, -35.84, -38.47, -39.57, -39.75, -40.04, -39.09, -41.74, -42.18, -43.51, -43.73, -44.67, -44.65, -44.13, -44.64, -44.86, -44.45, -45.23, -45.00, -45.45, -44.64, -44.87, -46.02, -44.95, -45.85, -45.60, -45.68, -45.51, -45.88, -45.09, -46.37, -46.90, -45.03, -45.59, -46.38, -46.17, -46.66, -45.94, -46.83, -46.15, -46.17, -46.53, -46.31, -46.83, -46.76, -45.86, -46.75, -46.72, -46.60, -46.90, -46.54, -46.45, -41.41, -45.96, -45.63, -45.64, -46.42, -45.86, -45.19, -45.54, -46.48, -46.03, -46.87, -46.83, -46.39, -46.22, -46.64, -46.36, -46.48, -45.75, -45.73, -46.33, -46.99, -46.31, -45.38, -46.45, -46.91, -45.64, -45.18, -45.98, -45.57, -46.60, -46.16, -46.41, -46.66, -46.57, -46.57, -46.19, -46.08, -46.90, -45.90, -46.55, -46.06, -45.78, -45.73, -45.64, -45.71, -45.51, -45.91, -43.81, -42.77, -42.79, -42.50, -41.04, -40.66, -38.06, -39.10, -38.19, -40.20, -41.70, -42.51, -43.92, -45.30, -45.30, -44.93, -44.83, -46.05, -46.08, -46.00, -45.84, -46.24, -46.09, -44.71, -40.05, -46.08, -45.80, -46.68, -45.43, -45.74, -46.44, -47.13, -46.33, -46.13, -45.40, -45.94, -46.40, -45.57, -45.73, -46.59, -45.68, -45.77, -45.98, -44.91, -45.87, -45.93, -45.54, -45.68, -45.92, -46.00, -46.40, -45.38, -45.65, -46.78, -46.17, -45.98, -45.75, -45.68, -46.42, -45.62, -44.93, -45.91, -46.17, -46.22, -46.24, -46.35, -47.26, -45.36, -46.83, -46.41, -46.13, -45.98, -46.00, -46.14, -47.27, -46.64, -46.31, -45.98, -46.50, -46.58, -45.87, -46.62, -46.06, -46.23, -46.05, -46.37, -46.51, -46.58, -46.66, -45.58, -45.81, -45.92, -45.88, -44.96, -40.85, -39.77, -45.20, -46.73, -46.13, -46.87, -46.64, -46.52, -46.59, -46.39, -46.11, -46.48, -46.51, -46.31, -46.13, -45.27, -45.72, -46.53, -45.73, -47.02, -46.24, -46.50, -45.83, -46.17, -45.98, -46.31, -45.73, -45.82, -47.18, -47.11, -46.38, -46.72, -46.80, -45.95, -47.24, -45.84, -47.03, -46.97, -45.93, -47.36, -46.26, -46.88, -46.80, -46.54, -45.70, -46.81, -46.88, -46.16, -45.56, -46.56, -45.94, -45.61, -45.90, -46.59, -46.21, -45.22, -46.24, -46.23, -45.33, -45.22, -45.38, -45.35, -44.48, -45.47, -45.70, -44.80, -45.80, -46.64, -45.62, -45.60, -45.29, -38.43, -42.09, -45.22, -45.78, -46.20, -45.80, -46.46, -46.35, -46.94, -45.91, -46.00, -46.70, -46.02, -47.09, -46.35, -45.97, -45.76, -45.85, -46.39, -46.64, -47.10, -46.92, -47.18, -46.82, -45.72, -44.56, -41.79, -43.54, -45.22, -45.92, -46.53, -46.25, -46.97, -47.20, -44.87, -46.20, -47.11, -47.79, -46.83, -47.16, -47.06, -47.48, -47.38, -47.65, -47.20, -47.75, -47.13, -47.65, -48.25, -48.03, -48.11, -48.08, -47.69, -47.69
2026-10-01, 16:50:47, 92446072, 94665038, 5425.35, 96, -48.13, -46.76, -44.66, -46.27, -46.94, -46.77, -47.02, -47.59, -48.12, -47.25, -47.18, -47.13, -47.80, -46.55, -47.01, -47.41, -47.00, -46.17, -41.74, -40.78, -45.66, -46.55, -47.15, -46.33, -45.69, -45.52, -46.15, -46.30, -46.66, -46.82, -46.27, -46.73, -46.50, -47.12, -46.27, -47.26, -47.03, -47.28, -47.05, -46.33, -45.92, -45.58, -45.44, -45.40, -45.90, -45.64, -44.73, -44.80, -44.83, -46.17, -45.34, -44.89, -45.73, -46.09, -44.84, -45.46, -46.92, -46.08, -46.95, -45.47, -46.34, -46.41, -46.52, -46.20, -45.82, -46.70, -46.99, -46.43, -47.28, -47.39, -46.77, -47.69, -47.16, -46.57, -45.88, -46.58, -46.97, -45.86, -47.05, -46.25, -46.88, -46.10, -46.70, -47.11, -46.18, -46.23, -45.73, -46.02, -45.78, -40.11, -44.39, -47.23, -46.25, -46.35, -46.56, -45.91, -45.83, -47.15, -46.06, -45.96, -46.79, -46.39, -45.81, -46.80, -45.74, -47.05, -46.47, -46.71, -47.20, -46.45, -46.85, -47.06, -47.24, -46.03, -46.16, -46.82, -46.25, -46.78, -46.23, -45.78, -46.53, -46.94, -46.10, -46.79, -46.10, -46.73, -46.53, -47.28, -47.48, -46.92, -46.46, -45.61, -46.78, -45.97, -45.44, -45.58, -46.21, -46.00, -46.38, -46.94, -46.72, -47.05, -46.91, -46.43, -45.61, -46.59, -46.08, -45.93, -46.13, -46.42, -46.75, -46.40, -46.15, -46.57, -46.02, -45.52, -45.94, -45.97, -46.78, -45.15, -39.96, -45.68, -46.59, -46.47, -46.11, -47.79, -46.52, -45.99, -45.71, -46.69, -46.43, -45.64, -45.93, -46.50, -46.57, -46.77, -45.62, -46.15, -46.73, -45.48, -46.69, -46.43, -45.84, -46.02, -46.95, -45.83, -46.27, -46.15, -46.71, -46.61, -45.60, -45.83, -47.05, -46.12, -46.09, -46.56, -46.43, -45.99, -46.52, -46.94, -46.32, -46.60, -45.88, -45.97, -47.07, -46.43, -46.43, -47.00, -45.92, -46.12, -46.46, -46.14, -46.03, -46.53, -45.83, -46.32, -46.03, -46.26, -45.19, -44.46, -43.34, -41.61, -40.55, -40.58, -38.54, -38.21, -38.48, -38.40, -38.83, -39.42, -38.75, -36.89, -38.28, -39.21, -39.49, -41.56, -40.41, -41.23, -41.53, -41.97, -41.00, -43.65, -43.98, -45.18, -45.54, -46.65, -46.31, -46.86, -46.35, -46.44, -46.75, -46.92, -46.70, -47.14, -47.19, -46.62, -46.80, -46.19, -47.05, -47.50, -47.68, -46.59, -46.50, -47.26, -47.21, -46.28, -47.13, -47.42, -47.66, -47.44, -47.93, -47.34, -46.65, -47.19, -46.32, -47.00, -47.28, -47.41, -47.14, -47.54, -46.77, -47.84, -46.85, -46.42, -47.16, -46.91, -46.73, -46.52, -46.46, -46.63, -47.75, -47.44, -46.74, -47.70, -47.07, -46.29, -47.08, -47.20, -46.49, -47.65, -46.67, -45.69, -44.54, -47.13, -47.45, -47.90, -46.86, -46.51, -46.78, -47.51, -47.71, -47.67, -48.01, -47.59, -47.35, -47.12, -46.05, -47.88, -47.93, -47.91, -47.55, -47.39, -47.82, -48.02, -47.63, -47.26, -47.37, -47.30, -47.61, -47.39, -47.97, -48.43, -48.41, -46.99, -48.23, -47.54, -47.92, -47.68, -47.49, -47.68, -47.63, -47.79, -47.57, -46.81, -47.64, -47.78, -47.15, -46.96, -47.47, -47.82, -47.78, -47.34, -47.38, -47.43, -46.63, -46.12, -47.02, -47.55, -46.00, -46.95, -47.31, -47.64, -47.07, -46.69, -47.46, -45.98, -44.91, -44.71, -45.24, -44.40, -43.12, -43.83, -39.70, -41.25, -42.20, -39.97, -41.94, -39.52, -36.56, -28.85, -35.33, -38.89, -41.11, -40.69, -43.08, -42.54, -45.95, -43.37, -45.72, -46.58, -45.89, -46.48, -46.65, -47.34, -47.82, -48.78, -47.95, -48.54, -48.43, -48.10, -48.21, -48.09, -48.33, -47.35, -47.64, -48.68, -48.29, -48.54, -48.13, -48.73, -48.73
2026-10-01, 16:50:47, 94668294, 96887260, 5425.35, 96, -47.96, -48.28, -47.20, -48.66, -48.18, -47.97, -47.26, -47.72, -47.55, -47.68, -47.69, -47.76, -47.98, -48.08, -47.80, -48.14, -48.30, -47.91, -47.00, -47.16, -47.50, -47.85, -47.83, -47.22, -47.55, -47.76, -46.68, -47.03, -47.56, -46.47, -46.38, -47.07, -47.16, -42.76, -43.41, -46.13, -46.13, -47.00, -45.56, -45.99, -47.30, -46.50, -46.29, -46.03, -46.13, -46.07, -45.89, -46.91, -46.14, -46.93, -46.42, -46.50, -46.29, -45.92, -46.26, -46.24, -45.81, -46.11, -47.05, -46.49, -47.15, -45.88, -46.58, -46.22, -46.50, -46.78, -47.27, -47.13, -47.08, -47.79, -47.56, -47.11, -46.78, -46.83, -47.53, -47.49, -47.33, -46.62, -47.14, -46.81, -46.60, -46.27, -47.40, -47.74, -46.71, -47.29, -47.26, -46.94, -46.84, -47.01, -46.48, -47.29, -46.39, -46.97, -47.12, -48.03, -47.69, -46.39, -47.16, -47.51, -47.25, -47.79, -46.55, -45.79, -37.88, -44.29, -46.26, -46.64, -46.81, -46.20, -47.40, -47.03, -47.27, -46.78, -46.85, -46.83, -46.76, -46.90, -46.79, -47.30, -46.41, -46.00, -46.86, -46.75, -47.53, -47.41, -47.99, -46.82, -47.42, -47.21, -47.99, -46.55, -47.69, -47.17, -47.10, -47.07, -46.58, -47.77, -46.45, -47.49, -48.09, -47.56, -46.97, -46.75, -47.57, -46.93, -46.42, -46.71, -46.51, -46.13, -46.34, -46.02, -46.31, -46.18, -45.04, -44.73, -45.92, -46.72, -46.48, -46.94, -46.95, -47.08, -46.75, -46.39, -46.46, -46.76, -45.75, -45.45, -47.11, -46.58, -47.08, -46.37, -46.59, -46.49, -46.71, -39.29, -46.07, -46.20, -45.75, -47.30, -45.94, -46.78, -46.23, -45.85, -45.40, -45.36, -45.14, -43.39, -43.14, -42.92, -43.42, -43.39, -43.85, -44.23, -44.34, -45.78, -45.93, -45.59, -46.62, -45.81, -45.34, -46.12, -46.00, -45.98, -47.59, -46.92, -46.92, -47.07, -46.69, -47.44, -46.97, -46.80, -47.08, -46.00, -45.93, -47.11, -46.44, -47.28, -45.34, -46.70, -46.03, -45.40, -46.76, -46.04, -45.55, -46.44, -46.92, -46.69, -45.92, -46.36, -45.73, -46.15, -46.08, -46.66, -45.99, -47.04, -47.65, -46.41, -47.06, -47.86, -46.10, -47.20, -46.40, -47.04, -46.42, -44.94, -39.50, -43.03, -47.97, -46.78, -47.14, -46.64, -47.42, -47.29, -47.10, -46.04, -47.24, -46.86, -47.42, -46.48, -45.63, -46.11, -46.16, -46.42, -45.57, -46.09, -45.82, -46.82, -46.83, -46.69, -47.14, -47.28, -46.77, -46.71, -47.81, -47.69, -46.35, -46.28, -46.58, -47.27, -46.48, -46.43, -47.21, -47.38, -47.58, -47.16, -47.62, -46.33, -47.07, -47.81, -46.47, -46.61, -44.60, -46.66, -47.07, -47.88, -46.75, -47.19, -47.57, -46.55, -46.87, -47.68, -47.58, -47.88, -47.67, -47.59, -46.91, -47.42, -46.69, -47.04, -47.85, -46.91, -48.00, -47.26, -46.02, -46.92, -44.40, -42.45, -47.11, -47.15, -47.55, -47.19, -46.92, -46.38, -47.09, -46.57, -44.68, -43.61, -44.59, -43.35, -43.55, -43.75, -44.20, -42.91, -43.90, -43.33, -43.59, -42.61, -42.36, -42.74, -42.20, -41.78, -43.38, -42.14, -42.06, -42.39, -41.77, -42.02, -42.64, -42.62, -44.48, -45.46, -45.47, -45.90, -47.01, -47.03, -47.24, -48.12, -48.12, -47.80, -47.04, -47.45, -48.20, -47.77, -47.29, -47.00, -47.83, -47.33, -46.89, -47.59, -46.82, -47.71, -46.56, -46.81, -47.98, -46.66, -46.46, -46.92, -47.74, -47.74, -47.08, -47.87, -47.80, -48.14, -47.45, -47.78, -47.37, -43.99, -47.04, -47.23, -47.26, -48.08, -48.56, -47.99, -48.11, -47.47, -48.65, -48.03, -47.67, -48.61, -48.54, -48.10, -48.51, -47.85, -48.52, -48.99, -47.95, -48.13, -48.32, -47.94, -47.94
2026-10-01, 16:50:47, 96890516, 99109482, 5425.35, 96, -49.33, -48.96, -48.51, -48.27, -48.24, -48.70, -48.30, -48.19, -47.74, -48.36, -48.53, -47.25, -48.04, -47.88, -48.42, -49.85, -48.35, -47.99, -48.99, -48.24, -47.92, -48.53, -48.47, -48.43, -48.55, -48.42, -47.90, -47.90, -47.29, -48.55, -48.07, -47.39, -48.17, -46.56, -47.77, -47.35, -48.61, -48.03, -47.69, -48.01, -46.68, -47.42, -46.87, -46.98, -46.32, -46.63, -47.66, -47.26, -44.53, -44.34, -46.31, -47.03, -48.14, -46.99, -47.40, -47.17, -47.51, -47.46, -47.50, -47.58, -47.71, -47.54, -47.46, -47.66, -46.20, -46.44, -46.30, -45.57, -45.07, -42.87, -42.06, -42.40, -42.09, -41.01, -41.11, -40.86, -41.21, -40.64, -41.40, -42.84, -43.14, -42.99, -43.06, -43.01, -44.22, -44.37, -45.83, -46.66, -47.26, -48.14, -47.41, -46.61, -47.70, -47.33, -48.19, -47.11, -46.91, -47.32, -46.44, -47.06, -46.73, -47.81, -47.51, -47.41, -47.02, -47.19, -47.62, -47.42, -47.40, -47.43, -47.97, -46.98, -46.00, -46.70, -47.84, -47.39, -47.24, -47.64, -46.76, -44.55, -46.54, -46.51, -47.52, -47.24, -48.74, -48.42, -47.21, -47.80, -47.97, -47.33, -47.19, -47.42, -47.52, -48.20, -47.27, -47.47, -47.31, -48.08, -47.42, -48.38, -48.08, -47.47, -47.67, -47.64, -46.94, -46.72, -46.04, -44.02, -43.99, -40.73, -40.92, -43.66, -44.55, -45.04, -45.23, -45.44, -45.36, -47.35, -47.48, -46.98, -47.75, -46.32, -47.32, -47.23, -47.14, -47.18, -47.73, -47.20, -47.14, -47.39, -47.23, -48.46, -47.27, -47.63, -47.40, -47.08, -47.49, -48.44, -46.57, -46.97, -46.90, -47.42, -47.18, -47.26, -46.86, -47.42, -46.47, -47.45, -46.55, -47.59, -42.10, -46.82, -47.41, -47.62, -47.22, -46.48, -47.52, -47.58, -47.33, -46.69, -47.39, -47.20, -47.02, -47.20, -47.28, -47.11, -47.11, -48.12, -47.29, -47.38, -47.50, -47.62, -48.16, -47.65, -47.88, -47.23, -47.53, -47.55, -46.93, -46.99, -47.36, -48.00, -47.57, -47.42, -46.73, -47.74, -46.86, -47.79, -48.12, -47.25, -47.56, -47.87, -47.73, -47.65, -46.36, -47.18, -47.44, -47.76, -47.43, -47.15, -46.91, -47.53, -47.36, -46.88, -47.50, -47.05, -47.44, -46.67, -47.85, -47.25, -46.80, -47.47, -46.83, -47.25, -46.30, -46.51, -46.82, -45.88, -46.00, -45.67, -42.57, -32.95, -44.54, -46.14, -46.26, -46.27, -46.97, -46.88, -47.81, -46.84, -47.47, -47.92, -48.46, -46.88, -47.03, -47.13, -47.16, -47.47, -47.34, -46.86, -48.42, -46.94, -46.70, -47.25, -47.11, -46.63, -47.55, -47.79, -47.33, -47.74, -47.39, -47.28, -46.70, -48.73, -47.06, -47.18, -44.65, -47.58, -45.76, -46.34, -46.62, -45.80, -45.49, -46.26, -45.31, -45.95, -45.80, -45.75, -45.40, -46.33, -46.26, -45.10, -46.05, -46.45, -46.30, -47.39, -47.21, -46.15, -46.98, -45.62, -45.85, -44.55, -44.40, -42.32, -43.92, -41.39, -37.13, -38.76, -37.94, -37.48, -38.29, -36.75, -34.65, -32.38, -32.05, -32.61, -33.19, -35.34, -35.50, -36.04, -36.08, -38.62, -40.31, -40.80, -42.93, -44.00, -45.21, -45.57, -45.15, -46.50, -47.28, -47.27, -46.94, -47.64, -45.36, -46.48, -46.02, -45.69, -45.64, -45.67, -45.85, -46.99, -46.02, -45.53, -45.21, -45.58, -46.51, -45.69, -45.39, -46.07, -45.77, -47.07, -47.20, -46.78, -47.18, -47.14, -47.38, -47.43, -47.01, -47.77, -47.09, -47.80, -47.10, -47.66, -46.81, -47.44, -47.92, -47.66, -47.64, -47.71, -47.36, -47.62, -47.94, -46.85, -47.55, -48.30, -48.29, -48.20, -47.83, -48.31, -48.81, -48.02, -46.51, -46.60, -47.59, -47.28, -47.30, -46.77, -47.61, -47.26, -47.26
2026-10-01, 16:50:47, 99112738, 101331704, 5425.35, 96, -38.80, -39.88, -39.30, -42.53, -45.33, -45.79, -46.16, -45.68, -46.22, -46.59, -46.44, -46.53, -46.50, -46.46, -45.05, -45.58, -45.59, -45.23, -45.23, -45.05, -44.51, -44.70, -44.95, -44.34, -44.33, -45.08, -44.83, -45.28, -46.53, -46.53, -46.27, -45.28, -46.64, -46.49, -45.55, -46.02, -45.41, -45.32, -44.92, -44.26, -44.95, -44.14, -45.17, -45.92, -46.26, -46.11, -46.17, -46.29, -46.16, -46.66, -46.92, -46.77, -46.71, -45.83, -46.14, -46.11, -46.14, -45.94, -46.36, -45.21, -42.64, -44.20, -43.64, -43.56, -42.17, -43.17, -44.04, -43.09, -42.84, -42.17, -40.71, -40.27, -37.91, -40.77, -40.29, -41.42, -42.02, -42.41, -44.50, -44.31, -43.95, -43.77, -44.70, -45.67, -45.18, -46.09, -46.55, -46.73, -46.28, -45.53, -46.30, -46.04, -47.12, -46.69, -46.71, -46.57, -46.95, -46.29, -46.02, -45.93, -46.36, -45.98, -46.39, -46.13, -46.65, -46.42, -44.59, -46.35, -46.41, -46.25, -47.01, -46.84, -44.46, -45.99, -46.29, -46.45, -46.34, -45.49, -45.62, -45.76, -45.20, -43.77, -45.33, -45.04, -45.14, -45.56, -46.19, -46.62, -45.93, -45.44, -46.26, -46.51, -46.66, -46.68, -44.95, -43.56, -45.62, -46.63, -47.20, -46.58, -46.41, -46.71, -46.21, -46.78, -46.21, -46.11, -45.10, -44.96, -45.90, -45.26, -45.77, -45.28, -43.16, -44.26, -44.00, -44.43, -44.72, -44.93, -44.25, -45.86, -46.60, -46.13, -46.35, -46.66, -45.51, -43.72, -46.36, -46.59, -46.84, -45.79, -45.30, -46.11, -46.36, -46.40, -45.81, -45.85, -46.58, -45.83, -46.56, -45.97, -46.17, -45.84, -45.91, -45.48, -45.19, -45.37, -45.43, -44.81, -46.31, -46.51, -45.77, -45.40, -46.13, -46.68, -46.04, -46.04, -45.42, -46.35, -45.42, -45.79, -45.11, -45.56, -45.24, -44.13, -45.00, -45.79, -45.79, -45.30, -46.22, -45.97, -45.55, -46.18, -45.55, -46.08, -45.32, -45.54, -46.85, -46.21, -46.11, -45.67, -45.46, -46.09, -45.51, -46.50, -45.22, -45.91, -46.27, -45.95, -45.49, -46.54, -45.63, -45.27, -45.88, -45.52, -45.71, -44.97, -46.32, -45.91, -45.35, -45.70, -46.05, -45.58, -46.02, -45.35, -46.51, -46.44, -45.97, -46.54, -45.77, -45.58, -45.57, -46.68, -45.85, -45.75, -45.06, -45.85, -44.68, -45.51, -45.06, -45.60, -45.45, -45.73, -45.72, -46.35, -45.55, -46.19, -46.52, -46.27, -45.83, -47.10, -46.08, -46.00, -46.19, -46.16, -46.41, -46.72, -44.36, -45.26, -45.87, -45.24, -45.40, -46.57, -45.17, -45.24, -44.43, -43.91, -45.04, -45.13, -44.80, -45.22, -45.52, -45.42, -45.34, -45.03, -44.54, -44.61, -44.74, -44.08, -44.69, -44.20, -44.31, -44.03, -44.93, -44.56, -45.45, -44.73, -45.44, -45.12, -45.53, -45.38, -44.90, -45.61, -45.16, -45.29, -44.80, -44.65, -45.47, -44.51, -44.21, -44.86, -45.08, -44.20, -44.39, -44.15, -43.73, -44.31, -43.64, -43.02, -42.76, -41.53, -37.24, -32.22, -32.58, -32.21, -32.17, -31.50, -31.46, -32.01, -31.64, -30.73, -30.83, -30.89, -31.07, -33.42, -39.17, -39.73, -39.81, -39.04, -38.37, -38.28, -36.54, -35.95, -35.07, -32.13, -26.02, -23.72, -27.16, -22.70, -21.02, -18.83, -18.73, -18.32, -18.41, -18.34, -16.87, -14.23, -12.16, -10.31, -13.06, -13.24, -14.77, -16.18, -16.99, -18.98, -21.33, -18.94, -21.40, -22.74, -23.85, -23.05, -28.93, -32.95, -35.15, -35.71, -37.24, -38.26, -38.33, -39.51, -39.13, -39.91, -39.23, -33.86, -33.74, -33.27, -33.95, -33.66, -33.69, -33.25, -34.38, -35.16, -34.39, -34.30, -34.44, -35.53, -42.31, -43.04, -43.51, -43.66, -43.86, -44.37, -44.37
2026-10-01, 16:50:47, 101334960, 103553926, 5425.35, 96, -47.67, -46.65, -47.22, -46.94, -47.20, -46.70, -47.65, -45.96, -38.44, -47.66, -47.63, -47.48, -47.58, -47.41, -47.74, -46.39, -47.47, -47.03, -47.73, -46.48, -47.22, -47.65, -46.85, -47.02, -47.83, -46.86, -46.13, -45.77, -46.63, -46.81, -46.19, -46.29, -46.33, -46.45, -45.66, -46.37, -45.92, -45.93, -46.17, -44.96, -45.57, -45.95, -45.61, -45.94, -46.33, -46.99, -46.74, -46.29, -46.76, -46.76, -46.27, -47.20, -46.40, -46.13, -45.84, -47.01, -45.88, -45.90, -45.82, -46.78, -45.95, -46.39, -46.79, -46.21, -46.42, -46.97, -46.70, -46.45, -47.16, -46.99, -45.79, -47.23, -46.18, -46.58, -46.48, -46.26, -47.05, -46.41, -46.52, -45.33, -46.67, -46.66, -46.41, -47.41, -46.46, -46.44, -46.86, -47.46, -47.34, -46.91, -46.46, -46.49, -46.12, -46.35, -46.03, -46.10, -46.59, -46.97, -46.50, -46.79, -46.33, -46.75, -46.84, -46.89, -45.04, -46.30, -46.33, -46.29, -46.71, -46.36, -45.53, -46.12, -45.27, -45.10, -45.26, -44.87, -45.01, -44.72, -46.33, -46.00, -46.13, -46.27, -46.67, -46.18, -45.18, -45.89, -45.93, -46.21, -45.96, -46.35, -46.10, -45.95, -46.09, -46.21, -47.08, -46.37, -46.73, -47.15, -46.93, -46.74, -46.42, -44.96, -44.37, -46.58, -47.04, -46.32, -46.42, -46.54, -45.58, -45.29, -45.77, -47.23, -46.38, -45.98, -46.53, -46.07, -46.22, -46.36, -46.00, -45.92, -46.04, -45.97, -45.97, -45.50, -46.35, -46.45, -44.96, -44.41, -44.50, -44.73, -43.98, -45.51, -43.59, -44.09, -44.50, -44.47, -46.12, -44.76, -45.80, -45.21, -45.60, -45.25, -45.58, -45.78, -46.33, -45.53, -46.18, -46.00, -45.30, -45.11, -45.51, -45.57, -45.66, -45.61, -45.84, -46.56, -45.55, -46.72, -45.93, -46.45, -46.06, -44.33, -45.39, -43.44, -42.92, -43.01, -43.01, -42.97, -42.73, -43.31, -41.17, -42.65, -41.23, -41.11, -40.61, -40.14, -42.44, -42.42, -40.86, -41.81, -40.97, -43.15, -43.95, -43.84, -44.29, -44.29, -44.75, -45.84, -45.36, -45.83, -46.02, -46.10, -46.16, -46.03, -46.18, -45.93, -46.11, -46.01, -46.61, -46.45, -45.93, -45.01, -45.94, -45.44, -45.81, -45.30, -45.63, -44.89, -45.51, -45.24, -45.71, -44.11, -41.89, -45.49, -45.36, -43.44, -43.77, -45.13, -44.41, -43.81, -44.07, -45.25, -45.33, -44.90, -45.30, -46.33, -46.44, -46.37, -45.58, -47.31, -46.21, -46.47, -46.19, -46.39, -46.36, -46.02, -46.81, -46.34, -45.23, -46.37, -46.07, -46.63, -45.31, -46.09, -45.76, -45.48, -45.59, -46.44, -45.81, -45.74, -46.02, -43.63, -46.57, -46.74, -47.36, -46.38, -46.14, -47.26, -46.59, -46.30, -45.60, -45.42, -46.79, -46.50, -45.74, -45.02, -44.88, -46.16, -45.88, -46.03, -46.91, -46.40, -47.20, -46.82, -47.35, -47.74, -47.02, -46.24, -45.49, -46.21, -45.02, -40.03, -38.68, -40.72, -40.90, -39.10, -38.91, -37.32, -39.09, -39.62, -38.49, -37.99, -38.13, -35.14, -31.55, -35.81, -35.67, -32.70, -34.51, -35.89, -36.37, -36.51, -36.08, -37.22, -40.64, -38.63, -38.35, -42.42, -45.32, -44.94, -45.01, -45.66, -46.84, -47.15, -46.05, -46.14, -45.85, -46.42, -44.76, -45.10, -45.60, -45.92, -44.54, -45.58, -44.74, -45.17, -44.37, -45.35, -45.85, -45.07, -44.73, -45.58, -46.21, -46.19, -46.34, -46.17, -47.15, -47.30, -47.27, -46.59, -45.99, -45.63, -46.25, -45.67, -45.90, -46.08, -45.65, -45.22, -45.75, -46.08, -45.58, -45.99, -45.70, -46.80, -46.72, -47.72, -46.75, -47.25, -47.49, -47.24, -46.13, -47.24, -46.17, -41.00, -41.21, -42.15, -42.89, -41.38, -40.97, -40.06, -40.06
2026-10-01, 16:50:47, 103557182, 105776148, 5425.35, 96, -47.60, -47.48, -47.23, -47.31, -47.16, -47.38, -47.53, -48.61, -46.90, -47.73, -47.46, -47.35, -47.38, -47.13, -45.68, -45.89, -44.23, -43.32, -42.39, -42.03, -41.48, -40.73, -39.49, -39.04, -39.00, -38.44, -38.98, -37.99, -38.59, -37.93, -39.36, -41.11, -41.22, -42.25, -43.68, -43.66, -45.13, -45.91, -45.98, -46.45, -46.77, -47.43, -47.31, -47.08, -46.28, -46.74, -47.13, -46.80, -46.84, -45.66, -46.81, -46.01, -46.50, -46.45, -46.14, -47.03, -46.09, -47.73, -46.99, -46.96, -47.78, -47.08, -47.05, -46.20, -47.26, -47.61, -47.41, -46.98, -47.74, -47.71, -47.39, -47.30, -46.85, -46.46, -46.87, -47.31, -46.46, -46.56, -46.44, -46.22, -46.57, -48.45, -45.12, -47.00, -47.37, -46.85, -48.30, -48.03, -47.24, -47.43, -47.49, -46.87, -46.69, -47.34, -46.69, -47.33, -46.56, -46.26, -47.50, -45.92, -44.08, -43.83, -45.86, -47.39, -47.59, -46.63, -47.49, -47.06, -47.35, -47.22, -46.99, -47.15, -47.30, -47.10, -46.80, -46.83, -47.61, -46.61, -46.55, -47.51, -47.31, -46.45, -46.89, -46.70, -46.59, -47.03, -47.40, -46.95, -47.31, -46.15, -46.24, -46.89, -46.41, -47.54, -46.94, -47.09, -47.06, -46.01, -47.08, -46.86, -46.87, -46.49, -47.20, -47.06, -46.82, -46.36, -47.29, -46.73, -46.82, -46.43, -46.49, -45.97, -46.48, -46.28, -46.98, -46.72, -47.07, -46.49, -47.04, -46.27, -47.00, -47.26, -46.71, -46.81, -46.54, -45.90, -47.28, -46.54, -46.39, -46.56, -46.58, -46.50, -46.76, -46.64, -45.46, -40.66, -39.92, -40.10, -40.19, -39.75, -40.08, -40.21, -40.22, -40.14, -39.74, -39.50, -40.16, -40.78, -39.53, -40.64, -41.79, -43.99, -44.51, -43.46, -43.79, -43.55, -42.32, -41.92, -40.69, -37.06, -34.50, -33.24, -29.16, -28.14, -29.12, -27.21, -27.21, -26.12, -25.72, -24.89, -23.72, -19.21, -21.83, -23.49, -24.23, -22.89, -25.41, -25.50, -28.79, -29.40, -29.60, -31.22, -33.95, -37.11, -39.65, -42.13, -43.08, -44.41, -44.24, -44.20, -44.21, -44.56, -43.07, -40.12, -40.39, -40.32, -39.90, -39.70, -40.91, -39.39, -40.35, -40.29, -39.67, -40.27, -39.78, -40.77, -40.30, -40.93, -43.21, -45.41, -46.08, -45.83, -47.49, -45.80, -46.85, -46.91, -47.63, -45.99, -46.51, -46.02, -46.60, -46.61, -46.64, -46.34, -46.63, -46.96, -46.31, -46.07, -47.16, -46.28, -46.96, -47.25, -47.47, -46.56, -45.92, -46.75, -46.61, -45.69, -47.02, -47.15, -46.92, -46.94, -47.19, -47.13, -47.63, -46.74, -46.94, -46.57, -47.48, -46.73, -46.33, -46.45, -46.22, -46.87, -46.89, -46.82, -45.84, -47.55, -47.27, -47.21, -46.62, -48.22, -47.55, -46.98, -47.47, -47.42, -47.43, -47.45, -47.22, -46.92, -46.91, -47.11, -46.02, -48.06, -47.46, -46.51, -47.43, -47.38, -47.16, -47.74, -48.64, -47.56, -46.77, -46.83, -47.42, -46.69, -46.88, -47.24, -47.54, -47.85, -47.97, -47.57, -47.46, -47.76, -48.26, -48.07, -47.08, -47.67, -47.40, -47.04, -46.94, -47.42, -47.21, -47.64, -47.96, -47.73, -47.23, -46.95, -47.32, -47.00, -46.83, -46.27, -43.95, -44.77, -45.41, -44.59, -43.34, -41.47, -40.65, -39.82, -42.04, -41.91, -43.77, -44.86, -45.11, -45.95, -46.79, -47.83, -47.75, -48.16, -47.69, -47.87, -47.11, -47.54, -47.40, -46.85, -47.14, -47.52, -47.42, -48.45, -47.47, -47.05, -47.82, -47.73, -48.40, -47.64, -49.18, -48.23, -48.22, -47.70, -48.24, -47.98, -48.01, -48.06, -47.82, -49.44, -48.84, -47.65, -48.07, -47.81, -47.95, -48.04, -47.43, -47.95, -47.43, -47.11, -48.05, -48.25, -48.00, -48.74, -48.74
2026-10-01, 16:50:47, 105779404, 107998370, 5425.35, 96, -48.70, -48.41, -47.89, -48.75, -48.17, -48.81, -48.95, -48.37, -48.54, -48.14, -48.82, -47.80, -48.49, -48.26, -47.69, -48.09, -47.58, -47.25, -47.81, -47.83, -47.29, -47.72, -48.00, -47.58, -47.32, -48.45, -47.32, -48.39, -48.32, -47.50, -47.85, -47.52, -47.54, -47.76, -48.27, -48.26, -47.61, -47.62, -45.17, -47.02, -47.56, -46.88, -47.24, -47.73, -46.66, -47.03, -47.51, -47.25, -47.18, -47.37, -47.27, -48.06, -47.01, -47.61, -47.62, -47.83, -47.38, -46.66, -47.99, -46.81, -48.14, -47.23, -46.69, -47.54, -48.03, -46.90, -47.00, -47.84, -47.75, -47.27, -46.40, -47.43, -46.53, -47.18, -46.58, -47.69, -47.87, -47.04, -47.31, -47.02, -46.86, -47.44, -47.19, -46.85, -47.50, -47.03, -47.60, -45.46, -46.29, -47.54, -47.16, -47.33, -47.06, -47.07, -46.54, -45.51, -46.77, -47.81, -46.84, -46.99, -47.21, -48.46, -46.99, -46.41, -46.82, -46.71, -46.31, -46.72, -46.55, -46.46, -47.35, -47.36, -47.22, -47.62, -46.49, -46.72, -46.78, -46.48, -47.17, -46.97, -47.02, -47.29, -47.51, -46.75, -46.47, -47.24, -46.80, -46.81, -46.53, -47.13, -46.85, -47.08, -46.59, -46.61, -46.46, -46.26, -46.69, -47.03, -46.64, -47.17, -46.71, -46.25, -47.08, -47.58, -46.73, -47.28, -46.43, -46.88, -47.36, -46.72, -46.88, -46.66, -45.82, -45.73, -46.75, -46.29, -46.07, -46.72, -46.16, -47.01, -46.39, -46.54, -46.84, -47.00, -47.21, -46.77, -45.87, -46.57, -46.04, -46.13, -45.68, -41.32, -41.14, -40.78, -41.49, -41.27, -40.75, -40.25, -41.14, -40.44, -40.13, -41.05, -41.48, -41.44, -44.20, -45.33, -45.13, -45.24, -45.09, -44.37, -44.34, -43.65, -42.94, -43.80, -40.03, -40.42, -39.37, -36.21, -35.26, -32.30, -32.81, -30.44, -28.82, -27.19, -26.62, -24.06, -24.06, -22.53, -23.03, -22.53, -22.18, -21.86, -22.80, -25.45, -25.78, -28.22, -29.23, -30.83, -34.00, -35.46, -35.99, -37.84, -39.46, -41.24, -41.80, -42.57, -44.03, -44.19, -44.04, -44.99, -44.22, -40.57, -40.18, -39.16, -39.73, -39.40, -39.42, -39.61, -39.76, -40.65, -40.42, -39.56, -40.24, -39.84, -43.58, -47.00, -46.17, -46.40, -46.37, -46.23, -46.61, -46.52, -46.24, -47.45, -47.44, -47.54, -47.62, -47.07, -47.64, -46.99, -46.36, -47.21, -47.26, -47.01, -47.11, -46.71, -46.48, -47.42, -47.45, -46.32, -46.36, -46.06, -46.53, -46.40, -46.12, -45.93, -46.32, -45.91, -45.40, -45.30, -44.58, -43.23, -44.71, -45.19, -45.33, -45.41, -45.16, -45.91, -45.00, -45.06, -45.53, -45.65, -45.73, -46.39, -46.64, -46.98, -47.93, -47.65, -46.89, -47.94, -47.99, -47.78, -48.50, -47.21, -46.94, -47.47, -47.62, -48.39, -47.60, -47.58, -48.27, -46.92, -48.00, -47.51, -47.84, -48.19, -47.48, -46.53, -46.80, -47.57, -48.25, -40.92, -47.20, -47.69, -47.25, -47.68, -47.99, -46.72, -47.52, -47.22, -47.18, -47.30, -46.38, -46.70, -46.40, -46.22, -44.49, -44.88, -43.74, -41.32, -40.19, -37.97, -34.70, -29.18, -31.41, -33.69, -32.63, -32.73, -32.10, -32.42, -32.73, -31.89, -31.98, -30.47, -29.34, -31.03, -32.52, -31.87, -32.51, -32.65, -33.04, -33.85, -34.54, -34.37, -34.07, -33.04, -34.12, -34.59, -41.13, -42.54, -43.65, -44.66, -45.12, -46.07, -45.92, -46.22, -46.95, -46.68, -47.37, -47.30, -48.17, -47.71, -47.50, -47.09, -47.39, -47.07, -47.42, -47.24, -47.18, -47.99, -48.20, -47.76, -47.70, -47.71, -47.66, -48.22, -47.86, -47.82, -47.75, -48.06, -48.53, -48.12, -49.15, -48.28, -48.16, -47.56, -47.69, -48.66, -47.13, -48.33, -48.33
2026-10-01, 16:50:49, 88001628, 90220594, 5425.35, 112, -47.16, -48.19, -47.73, -47.98, -47.87, -48.00, -47.50, -48.44, -48.45, -47.46, -47.68, -48.04, -47.26, -47.00, -47.43, -46.14, -44.96, -46.75, -46.65, -47.32, -46.58, -46.64, -46.21, -46.90, -46.13, -46.86, -46.87, -46.29, -46.02, -46.59, -46.44, -46.44, -45.60, -45.97, -45.26, -46.03, -46.17, -44.62, -42.75, -38.22, -43.50, -44.50, -45.78, -46.18, -45.93, -46.41, -45.73, -45.51, -46.13, -46.11, -46.01, -45.90, -45.81, -46.31, -45.66, -46.34, -46.45, -46.05, -46.00, -39.95, -46.05, -46.74, -47.12, -46.11, -46.39, -45.89, -46.71, -46.87, -45.95, -46.65, -46.51, -46.32, -46.62, -45.92, -45.76, -46.18, -46.37, -46.18, -46.66, -46.85, -46.34, -46.09, -45.81, -45.40, -46.38, -46.04, -45.24, -45.98, -44.81, -44.57, -44.74, -45.26, -44.20, -44.07, -44.74, -44.95, -45.71, -45.83, -46.42, -46.35, -46.54, -46.47, -46.05, -45.91, -46.54, -46.43, -46.12, -46.72, -46.92, -46.01, -45.98, -45.65, -46.77, -46.43, -46.98, -47.02, -46.39, -46.23, -45.48, -43.32, -42.17, -36.94, -42.20, -44.23, -44.61, -45.68, -46.01, -45.13, -45.40, -44.36, -40.92, -45.72, -46.21, -46.24, -46.65, -46.64, -46.43, -46.57, -46.42, -46.25, -46.72, -46.78, -46.52, -47.11, -46.71, -46.80, -46.61, -46.98, -46.53, -46.24, -46.18, -46.26, -46.76, -45.61, -45.88, -46.55, -46.86, -46.72, -46.15, -46.26, -46.26, -46.05, -45.77, -46.06, -46.20, -45.85, -44.82, -45.13, -45.74, -45.30, -46.26, -45.68, -45.16, -45.93, -45.49, -46.70, -45.97, -46.13, -45.83, -45.76, -45.46, -46.70, -46.67, -46.29, -46.56, -46.47, -46.25, -46.16, -46.72, -46.85, -46.11, -45.85, -46.92, -45.92, -46.61, -46.30, -46.34, -46.72, -46.33, -45.73, -41.50, -40.26, -44.51, -44.38, -45.37, -45.88, -45.88, -45.50, -46.59, -45.88, -46.15, -45.96, -45.06, -45.90, -46.34, -46.34, -45.24, -45.31, -45.62, -46.26, -46.08, -46.36, -45.90, -45.98, -46.45, -45.49, -46.16, -46.68, -46.02, -46.46, -47.06, -46.74, -46.74, -45.53, -46.87, -46.84, -46.56, -45.92, -45.93, -46.36, -46.25, -46.62, -45.81, -45.98, -45.71, -47.05, -46.54, -47.02, -45.98, -46.33, -46.72, -47.00, -46.25, -46.31, -46.59, -46.21, -46.84, -46.67, -46.29, -45.99, -46.35, -46.76, -45.75, -46.74, -47.26, -46.74, -46.57, -46.73, -46.34, -46.08, -46.15, -41.55, -45.45, -46.24, -45.93, -46.42, -46.45, -45.35, -46.52, -46.58, -46.06, -46.61, -46.51, -46.53, -46.25, -46.11, -46.18, -46.62, -46.15, -46.21, -46.24, -46.58, -47.05, -46.48, -46.46, -46.78, -45.91, -46.53, -46.55, -46.40, -45.13, -43.95, -43.15, -41.31, -40.03, -39.15, -40.16, -40.18, -39.04, -39.08, -38.09, -38.26, -35.37, -34.50, -33.30, -34.48, -34.56, -36.05, -36.85, -38.13, -40.56, -40.45, -39.32, -41.33, -41.30, -41.80, -44.61, -45.48, -45.89, -46.31, -47.04, -46.71, -46.92, -46.21, -46.99, -47.55, -47.24, -47.40, -46.93, -47.01, -47.55, -47.39, -41.52, -46.42, -46.86, -47.71, -46.94, -47.48, -46.02, -47.41, -46.66, -47.22, -47.24, -47.31, -45.73, -45.80, -46.58, -46.38, -46.68, -46.42, -45.79, -46.44, -47.03, -46.16, -46.49, -45.87, -46.43, -45.86, -46.35, -46.49, -46.19, -46.83, -46.41, -46.50, -46.34, -47.97, -47.18, -47.03, -47.21, -47.64, -46.99, -47.55, -47.28, -46.97, -46.99, -47.00, -47.41, -46.95, -46.51, -46.69, -46.32, -46.98, -46.29, -46.40, -46.39, -47.16, -48.19, -46.98, -47.77, -47.57, -47.70, -47.96, -47.74, -47.59, -47.62, -48.08, -47.73, -47.82, -47.54, -48.52, -48.52
2026-10-01, 16:50:49, 90223850, 92442816, 5425.35, 112, -47.40, -47.87, -47.53, -44.22, -45.44, -45.31, -44.79, -45.33, -43.82, -42.19, -42.38, -42.62, -38.99, -39.20, -36.59, -34.82, -38.61, -42.39, -41.50, -42.08, -44.76, -45.74, -45.39, -46.30, -46.30, -46.36, -46.63, -46.31, -46.57, -47.05, -46.32, -46.42, -47.31, -46.54, -47.71, -47.30, -47.26, -46.38, -46.30, -45.41, -46.36, -46.67, -46.28, -46.29, -46.41, -45.54, -47.02, -46.06, -46.91, -45.77, -46.08, -45.89, -46.02, -46.08, -45.69, -45.38, -46.44, -45.67, -46.12, -45.68, -46.34, -46.04, -45.26, -45.17, -44.80, -44.67, -44.12, -42.62, -42.72, -40.57, -40.06, -38.95, -38.62, -36.64, -36.58, -35.04, -35.52, -34.61, -33.94, -33.05, -31.72, -31.22, -31.41, -28.64, -26.52, -25.29, -22.87, -21.48, -14.71, -19.08, -22.40, -23.12, -24.52, -29.09, -30.18, -31.02, -31.33, -33.04, -34.74, -34.87, -35.75, -36.10, -36.83, -37.31, -38.44, -38.38, -39.49, -40.28, -42.47, -43.53, -43.74, -44.44, -45.95, -44.52, -45.58, -45.62, -45.54, -45.96, -45.93, -45.86, -46.19, -45.27, -46.36, -45.32, -46.61, -46.75, -45.92, -46.16, -46.37, -46.16, -46.11, -46.23, -46.36, -46.39, -46.17, -46.56, -46.19, -47.33, -46.26, -46.38, -45.72, -46.18, -45.77, -46.85, -46.35, -41.49, -45.57, -45.80, -46.13, -45.70, -46.76, -46.79, -45.91, -45.57, -46.31, -46.78, -45.79, -45.83, -45.56, -46.01, -45.74, -46.32, -45.81, -46.48, -46.24, -45.95, -45.80, -46.08, -46.30, -45.64, -44.51, -45.54, -45.91, -46.15, -46.15, -46.50, -46.59, -46.43, -45.97, -45.93, -46.07, -46.12, -45.80, -46.12, -45.83, -45.85, -45.89, -45.96, -45.69, -45.08, -44.15, -43.98, -42.87, -42.30, -41.44, -42.22, -40.70, -40.09, -39.56, -39.26, -39.11, -39.81, -39.48, -40.45, -43.69, -44.45, -44.45, -45.69, -44.92, -45.23, -45.06, -45.92, -45.78, -46.17, -45.85, -45.66, -39.52, -45.16, -45.97, -45.12, -44.36, -45.95, -45.90, -45.25, -46.54, -45.33, -46.58, -46.22, -45.69, -45.91, -45.86, -45.31, -46.16, -46.86, -46.04, -45.67, -46.04, -45.65, -45.61, -45.86, -45.78, -46.09, -46.34, -46.21, -46.49, -46.51, -46.36, -45.95, -46.26, -46.74, -45.68, -46.24, -45.16, -46.41, -45.88, -45.36, -45.32, -45.70, -46.17, -46.06, -46.73, -46.83, -46.45, -46.03, -46.90, -46.72, -46.91, -46.86, -46.17, -45.96, -46.45, -46.50, -46.10, -46.47, -47.55, -46.35, -46.31, -47.07, -46.43, -46.61, -46.55, -46.48, -45.66, -46.17, -46.83, -45.07, -40.74, -39.62, -44.84, -45.98, -45.94, -46.26, -46.33, -46.70, -46.73, -46.64, -46.61, -46.55, -45.90, -46.47, -46.06, -45.78, -45.87, -45.99, -46.36, -46.69, -46.66, -46.48, -46.61, -46.51, -46.60, -46.85, -46.81, -46.95, -46.74, -46.87, -46.51, -45.78, -47.13, -46.95, -46.61, -47.43, -45.94, -46.47, -46.39, -46.62, -46.44, -46.74, -46.27, -46.62, -46.44, -46.12, -46.93, -46.51, -45.63, -46.45, -46.65, -46.12, -46.28, -45.96, -45.97, -45.76, -46.27, -46.38, -45.50, -44.12, -43.04, -43.91, -45.11, -46.35, -45.96, -45.66, -46.76, -46.78, -46.08, -45.60, -45.24, -38.14, -42.50, -45.02, -46.17, -45.83, -46.52, -46.94, -45.71, -46.88, -46.19, -46.40, -46.29, -45.83, -46.79, -46.55, -45.98, -47.26, -46.66, -47.05, -46.79, -46.33, -46.84, -46.05, -45.72, -44.78, -45.27, -41.65, -44.28, -45.34, -45.98, -45.28, -46.44, -46.77, -46.41, -45.56, -46.09, -46.31, -46.74, -46.69, -47.26, -47.26, -47.38, -46.40, -46.63, -46.92, -47.16, -47.78, -47.08, -47.82, -48.04, -47.72, -47.02, -48.11, -48.11
2026-10-01, 16:50:49, 92446072, 94665038, 5425.35, 112, -46.92, -46.61, -46.53, -45.95, -47.44, -46.62, -47.41, -47.22, -47.51, -46.84, -48.01, -47.64, -47.39, -46.91, -47.76, -46.54, -46.36, -45.74, -41.54, -40.93, -46.78, -46.84, -46.50, -47.21, -45.80, -45.14, -45.98, -45.90, -47.11, -47.95, -46.57, -47.03, -45.68, -46.72, -46.70, -46.98, -46.69, -46.69, -45.83, -45.85, -46.46, -46.11, -45.73, -45.64, -46.03, -45.77, -44.97, -43.00, -44.56, -45.19, -45.68, -45.32, -45.62, -45.56, -45.84, -46.23, -46.60, -45.72, -46.65, -45.91, -46.28, -46.89, -46.61, -45.91, -45.43, -46.85, -46.46, -46.20, -46.37, -46.85, -46.63, -46.29, -46.96, -45.95, -46.29, -45.78, -46.95, -45.73, -46.78, -46.64, -46.60, -46.33, -46.02, -46.21, -46.14, -46.39, -47.11, -46.36, -45.14, -40.16, -43.93, -45.63, -45.32, -45.91, -45.91, -46.63, -46.16, -46.83, -46.18, -46.89, -46.45, -46.41, -46.18, -46.28, -46.11, -45.83, -45.90, -46.52, -47.20, -47.24, -46.85, -46.10, -46.29, -46.48, -46.58, -46.82, -46.23, -46.83, -46.47, -46.50, -46.64, -46.87, -46.26, -45.73, -45.89, -46.12, -46.01, -46.10, -47.01, -46.61, -46.31, -45.97, -46.28, -46.44, -46.06, -47.02, -46.76, -46.75, -46.56, -46.82, -46.61, -47.14, -46.48, -47.18, -46.96, -46.29, -47.09, -46.18, -46.33, -46.40, -46.07, -46.13, -46.77, -46.26, -45.83, -46.88, -46.50, -46.99, -47.12, -46.42, -39.64, -45.99, -46.32, -46.41, -46.86, -46.14, -45.96, -46.91, -47.31, -46.84, -46.01, -46.08, -46.78, -46.19, -46.59, -46.49, -46.21, -45.82, -46.29, -45.94, -46.52, -45.82, -46.41, -46.75, -46.22, -46.25, -45.34, -46.51, -47.53, -45.91, -46.48, -45.57, -46.90, -46.26, -46.44, -45.72, -46.65, -46.16, -46.14, -46.33, -46.53, -46.49, -46.86, -46.33, -46.15, -46.45, -46.45, -46.60, -46.04, -46.04, -46.14, -47.52, -46.97, -46.33, -47.02, -46.22, -46.21, -46.36, -45.53, -44.36, -43.75, -42.26, -40.95, -40.01, -40.16, -40.37, -39.11, -39.85, -39.20, -37.68, -38.18, -36.54, -38.93, -38.67, -39.22, -39.57, -40.08, -39.81, -40.79, -42.36, -41.30, -42.85, -44.90, -45.83, -45.41, -46.21, -46.16, -46.47, -46.70, -46.29, -46.89, -46.35, -47.47, -46.54, -46.20, -46.89, -46.20, -46.92, -47.23, -47.58, -46.90, -46.72, -46.79, -47.10, -46.79, -46.97, -46.48, -46.71, -45.94, -46.56, -46.58, -47.40, -47.32, -46.89, -47.08, -47.16, -47.67, -47.25, -47.51, -46.55, -46.73, -46.33, -46.97, -47.54, -47.49, -46.68, -46.63, -47.32, -47.01, -47.47, -46.86, -46.98, -47.19, -47.13, -47.04, -47.62, -46.93, -47.53, -45.83, -46.91, -47.06, -44.41, -45.34, -47.02, -47.59, -46.65, -47.29, -46.64, -46.17, -46.42, -46.74, -47.26, -48.29, -47.23, -47.46, -46.53, -47.16, -47.26, -47.77, -48.07, -47.00, -47.55, -47.80, -47.45, -47.07, -46.81, -47.73, -47.93, -47.31, -47.59, -47.52, -47.06, -47.16, -47.26, -47.45, -48.07, -48.13, -47.80, -46.27, -47.98, -46.83, -47.08, -47.74, -47.86, -46.51, -47.07, -47.33, -47.63, -47.52, -47.53, -47.31, -47.25, -47.34, -48.06, -46.76, -47.11, -46.08, -47.49, -47.75, -46.70, -47.06, -47.67, -47.74, -46.64, -46.89, -46.30, -46.06, -45.22, -43.12, -43.31, -41.93, -39.39, -39.55, -39.74, -38.98, -38.87, -36.72, -36.62, -34.60, -33.11, -35.16, -37.85, -37.34, -38.56, -41.77, -41.42, -41.82, -45.52, -45.90, -46.19, -48.05, -47.28, -48.10, -47.94, -48.43, -46.97, -47.59, -47.64, -48.52, -48.40, -49.37, -48.29, -47.44, -48.20, -48.22, -47.49, -48.32, -47.52, -48.36, -48.75, -48.75
2026-10-01, 16:50:49, 94668294, 96887260, 5425.35, 112, -47.59, -47.71, -48.19, -47.65, -47.92, -47.77, -48.44, -48.00, -47.87, -49.31, -47.70, -47.66, -46.97, -47.69, -47.93, -47.98, -47.32, -47.41, -47.49, -48.02, -48.16, -46.88, -46.67, -47.02, -46.90, -46.74, -47.29, -47.70, -47.47, -47.14, -46.47, -46.12, -45.51, -43.29, -42.57, -46.48, -46.68, -45.83, -46.31, -47.00, -46.19, -46.63, -46.91, -46.42, -46.67, -46.84, -46.51, -46.99, -46.34, -45.68, -45.68, -46.42, -45.59, -46.26, -46.26, -46.37, -47.47, -46.42, -46.63, -47.32, -46.55, -46.09, -46.67, -47.02, -47.07, -46.33, -47.21, -47.39, -47.05, -47.16, -47.46, -47.53, -47.98, -47.15, -46.68, -46.91, -47.23, -47.07, -47.51, -47.07, -47.23, -47.45, -47.32, -46.24, -47.01, -47.94, -47.31, -46.73, -46.91, -46.86, -46.85, -47.31, -47.03, -46.62, -47.45, -46.90, -46.47, -46.46, -47.41, -47.03, -46.71, -46.32, -45.93, -46.02, -38.19, -44.09, -46.65, -46.60, -45.86, -45.78, -46.91, -47.42, -46.45, -47.02, -47.06, -47.36, -47.33, -47.09, -46.94, -46.50, -47.03, -45.85, -46.62, -46.84, -47.09, -47.24, -48.22, -47.91, -46.22, -47.25, -47.92, -46.65, -46.77, -47.15, -46.24, -47.47, -47.78, -47.05, -47.06, -48.19, -47.49, -46.61, -47.04, -46.92, -46.42, -46.97, -47.13, -46.61, -46.55, -46.73, -46.70, -46.49, -45.20, -44.52, -44.48, -45.22, -45.36, -45.57, -46.00, -46.93, -46.64, -45.80, -46.80, -47.40, -46.12, -46.33, -46.02, -45.89, -46.43, -46.36, -45.75, -46.98, -46.37, -46.34, -46.08, -39.67, -46.48, -46.84, -45.52, -46.67, -46.25, -46.89, -45.99, -46.52, -46.14, -45.54, -46.61, -44.70, -44.35, -44.27, -44.04, -39.68, -44.92, -45.54, -45.03, -45.09, -45.01, -44.97, -44.87, -45.95, -46.12, -46.58, -46.34, -46.61, -47.21, -46.91, -46.91, -46.91, -47.18, -46.17, -46.86, -47.23, -46.62, -46.93, -46.42, -46.85, -45.93, -46.89, -46.99, -46.80, -45.64, -45.47, -45.52, -46.00, -46.36, -46.16, -46.80, -46.89, -46.92, -46.29, -45.94, -46.38, -47.10, -47.28, -46.63, -47.55, -46.96, -47.25, -46.63, -46.49, -46.34, -46.32, -46.73, -46.40, -45.69, -45.21, -39.09, -42.46, -46.03, -46.17, -45.93, -46.60, -46.60, -46.47, -47.00, -46.74, -46.03, -46.68, -46.85, -46.39, -46.46, -45.69, -45.80, -46.42, -46.23, -46.49, -45.65, -46.24, -46.63, -46.87, -46.40, -47.35, -47.86, -46.93, -46.95, -47.23, -46.73, -46.80, -47.20, -47.27, -47.47, -46.37, -47.25, -47.30, -47.20, -47.02, -46.40, -46.61, -47.48, -47.29, -46.85, -47.22, -44.87, -46.81, -46.34, -46.57, -46.69, -47.03, -47.00, -47.45, -47.77, -47.34, -46.63, -46.97, -47.26, -47.29, -47.57, -47.33, -47.62, -47.36, -46.72, -47.28, -47.29, -47.04, -47.70, -46.68, -44.30, -41.99, -46.77, -47.35, -47.42, -48.15, -46.53, -47.52, -45.66, -45.35, -44.11, -42.75, -43.08, -42.26, -42.83, -42.21, -43.63, -43.60, -43.71, -44.55, -42.76, -43.62, -42.65, -42.39, -42.73, -42.57, -42.42, -42.32, -42.09, -43.44, -41.97, -43.51, -42.97, -44.61, -44.33, -46.29, -46.57, -46.07, -46.88, -47.09, -47.34, -46.95, -46.91, -46.89, -47.00, -46.74, -47.34, -46.84, -47.00, -47.67, -46.97, -47.12, -47.34, -47.44, -46.81, -46.38, -47.02, -46.90, -47.10, -47.67, -47.31, -46.77, -47.49, -47.36, -47.36, -47.73, -46.91, -47.90, -47.01, -48.26, -46.60, -44.59, -46.46, -47.75, -47.65, -47.50, -47.69, -48.45, -47.39, -48.08, -47.65, -48.44, -48.69, -48.43, -48.76, -48.19, -48.14, -48.82, -48.45, -47.62, -47.32, -46.84, -48.04, -47.64, -47.64
2026-10-01, 16:50:49, 96890516, 99109482, 5425.35, 112, -48.12, -47.80, -48.71, -48.02, -48.05, -48.19, -47.92, -48.39, -49.34, -48.74, -49.13, -49.41, -49.28, -48.08, -48.17, -47.95, -48.75, -48.19, -48.64, -49.16, -48.60, -48.26, -47.83, -47.77, -48.15, -47.56, -48.16, -48.31, -47.18, -47.78, -47.83, -47.77, -47.42, -47.27, -47.20, -46.70, -46.82, -47.17, -47.44, -47.65, -47.49, -47.32, -47.52, -46.94, -47.26, -46.25, -48.00, -46.78, -43.83, -45.20, -46.42, -47.15, -47.13, -47.44, -46.44, -47.69, -47.45, -47.46, -47.45, -47.50, -46.80, -46.54, -45.75, -44.58, -44.33, -42.64, -43.01, -42.32, -42.23, -42.72, -41.62, -42.26, -42.89, -41.44, -42.80, -42.60, -43.07, -43.36, -43.49, -43.06, -43.91, -44.43, -43.25, -42.77, -42.86, -43.37, -43.62, -44.80, -45.51, -45.52, -46.90, -47.97, -46.96, -47.62, -47.30, -47.09, -47.24, -47.41, -47.53, -46.65, -47.08, -47.57, -48.34, -47.36, -46.45, -47.79, -47.09, -47.34, -46.58, -47.96, -47.49, -47.08, -46.17, -47.13, -46.65, -47.12, -48.20, -46.76, -46.82, -44.93, -46.98, -47.05, -47.51, -47.17, -47.10, -47.36, -47.41, -47.81, -47.73, -47.46, -47.02, -47.45, -48.03, -47.43, -47.71, -47.30, -47.68, -47.61, -47.87, -47.43, -47.77, -47.16, -47.84, -47.17, -45.73, -46.18, -44.84, -43.80, -43.12, -43.00, -41.37, -43.77, -43.36, -44.41, -45.48, -45.66, -46.32, -47.18, -46.67, -47.33, -47.02, -47.63, -47.09, -46.81, -48.44, -47.62, -47.72, -46.94, -47.87, -46.90, -47.21, -47.54, -47.92, -46.85, -47.30, -47.94, -47.50, -47.64, -46.48, -46.93, -47.09, -47.31, -47.69, -46.57, -47.42, -46.98, -46.44, -46.59, -47.73, -46.84, -42.26, -47.29, -47.60, -47.83, -46.72, -47.23, -47.65, -47.11, -47.53, -46.97, -47.75, -48.27, -47.19, -47.40, -47.40, -47.16, -47.16, -47.07, -47.14, -47.37, -47.39, -47.13, -47.24, -47.77, -47.29, -47.34, -47.19, -46.91, -47.39, -47.27, -47.47, -47.91, -47.86, -47.34, -47.07, -47.29, -47.67, -47.11, -47.97, -46.92, -46.95, -47.24, -48.52, -46.89, -47.15, -47.19, -47.41, -47.72, -47.35, -48.09, -46.55, -47.02, -47.15, -46.65, -47.13, -48.31, -47.56, -47.69, -47.37, -47.33, -46.72, -47.01, -46.75, -47.42, -46.96, -46.07, -47.42, -46.29, -46.13, -45.29, -43.17, -32.61, -44.59, -45.63, -46.32, -46.73, -47.04, -47.23, -47.08, -47.17, -47.12, -47.41, -47.58, -47.17, -47.18, -47.08, -47.76, -47.35, -47.42, -46.79, -47.09, -47.21, -46.90, -47.20, -47.84, -46.89, -46.82, -46.79, -47.13, -47.05, -47.31, -47.11, -47.45, -47.08, -47.09, -47.71, -45.08, -47.63, -46.37, -46.36, -45.45, -45.39, -45.73, -46.13, -45.75, -46.24, -46.26, -45.72, -45.96, -46.13, -46.10, -45.53, -45.57, -46.69, -46.67, -46.64, -46.01, -46.82, -45.38, -45.72, -44.59, -43.57, -40.85, -39.24, -37.66, -36.44, -35.28, -35.49, -34.50, -36.23, -34.82, -34.38, -34.04, -33.59, -35.86, -36.38, -36.58, -35.76, -37.20, -39.49, -39.02, -40.62, -40.32, -41.78, -41.82, -43.10, -40.12, -44.64, -45.44, -46.21, -46.10, -46.60, -47.14, -47.20, -46.45, -46.51, -46.56, -45.72, -45.62, -44.90, -45.10, -45.77, -44.83, -45.42, -45.90, -46.31, -46.67, -46.11, -45.54, -45.99, -45.51, -46.85, -47.54, -47.36, -47.12, -47.23, -47.18, -47.76, -47.00, -47.40, -47.43, -47.31, -47.44, -47.91, -48.20, -47.29, -47.15, -47.10, -47.34, -46.75, -47.56, -47.41, -47.69, -47.35, -47.42, -47.92, -47.79, -48.17, -48.51, -47.80, -48.74, -47.65, -47.09, -47.42, -46.96, -47.34, -47.35, -47.67, -47.16, -47.58, -47.58
2026-10-01, 16:50:49, 99112738, 101331704, 5425.35, 112, -36.14, -38.19, -41.04, -43.62, -45.61, -46.45, -45.01, -45.80, -47.05, -45.73, -46.48, -46.83, -46.80, -47.27, -45.39, -45.68, -45.60, -45.92, -44.42, -45.13, -44.76, -44.73, -43.76, -43.49, -44.68, -44.57, -44.78, -46.42, -46.47, -45.82, -46.86, -46.28, -46.24, -46.27, -46.58, -46.68, -46.13, -45.24, -45.11, -42.72, -44.62, -44.34, -45.21, -45.10, -46.31, -45.45, -45.48, -46.25, -47.17, -45.94, -46.08, -46.44, -47.53, -46.93, -46.73, -45.58, -45.99, -46.52, -45.69, -45.15, -44.14, -45.92, -45.37, -43.93, -44.05, -44.15, -44.90, -43.70, -42.56, -43.14, -42.15, -40.03, -36.04, -41.82, -40.86, -42.11, -42.36, -43.26, -42.00, -43.55, -44.37, -44.54, -44.09, -44.83, -46.04, -45.88, -45.53, -46.73, -46.38, -46.66, -46.64, -46.50, -46.88, -46.14, -46.67, -46.58, -46.55, -45.64, -46.73, -46.34, -45.84, -47.08, -45.68, -46.59, -46.12, -45.59, -46.34, -47.04, -46.34, -46.63, -46.81, -46.42, -45.35, -46.19, -46.38, -46.24, -46.99, -46.55, -46.24, -46.28, -45.79, -43.64, -44.95, -44.68, -45.42, -46.06, -46.73, -45.66, -45.47, -45.39, -46.45, -46.40, -46.13, -46.74, -44.56, -44.24, -46.65, -45.78, -46.64, -46.19, -46.36, -47.16, -46.30, -46.62, -45.86, -46.58, -45.73, -44.71, -45.67, -45.89, -45.76, -45.82, -44.00, -44.66, -42.23, -45.96, -45.03, -46.77, -44.88, -46.44, -45.84, -46.36, -46.14, -45.65, -44.93, -43.62, -45.63, -46.17, -46.39, -46.08, -45.24, -45.78, -46.97, -46.44, -45.94, -46.81, -46.30, -46.53, -45.56, -45.73, -45.99, -46.50, -46.04, -46.29, -45.98, -46.44, -46.00, -45.27, -46.52, -46.10, -45.87, -45.59, -46.41, -46.62, -45.60, -46.76, -46.20, -45.82, -46.09, -46.20, -45.54, -45.09, -44.96, -42.36, -45.56, -45.06, -45.06, -45.69, -46.22, -45.49, -46.07, -45.84, -45.94, -45.77, -46.03, -46.50, -46.88, -47.09, -46.06, -46.47, -45.24, -46.55, -46.24, -44.82, -46.28, -46.45, -46.06, -45.68, -45.89, -46.01, -46.04, -46.17, -46.19, -45.79, -45.78, -45.64, -45.05, -46.02, -46.40, -45.43, -45.78, -46.18, -46.51, -45.82, -45.37, -46.95, -45.76, -46.73, -45.95, -46.33, -46.24, -46.35, -45.32, -45.65, -45.10, -44.63, -45.33, -45.31, -45.98, -45.93, -45.71, -45.47, -46.32, -45.88, -46.58, -46.31, -47.18, -46.98, -45.75, -46.97, -46.63, -46.53, -45.97, -46.42, -45.95, -46.55, -45.14, -46.05, -45.87, -46.75, -45.80, -46.31, -46.49, -46.29, -44.99, -41.95, -45.39, -45.81, -44.88, -45.12, -45.62, -45.18, -45.24, -45.21, -45.73, -45.07, -45.91, -44.59, -45.48, -44.78, -45.17, -44.85, -45.12, -45.76, -46.28, -45.79, -46.32, -46.02, -46.27, -45.74, -45.46, -46.24, -45.20, -45.69, -45.62, -45.98, -45.65, -45.62, -45.05, -44.89, -45.82, -45.52, -44.93, -44.48, -44.90, -44.63, -44.84, -44.15, -43.06, -42.04, -37.26, -32.74, -32.95, -31.62, -32.29, -32.35, -31.61, -31.71, -30.65, -30.94, -30.45, -31.45, -31.44, -34.03, -40.00, -40.99, -41.17, -40.70, -40.68, -40.08, -39.86, -39.32, -38.44, -37.95, -37.46, -36.02, -32.58, -31.47, -30.56, -21.57, -21.49, -22.49, -20.48, -18.70, -18.12, -16.84, -11.96, -7.14, -16.32, -14.83, -15.77, -15.69, -19.10, -16.74, -18.38, -19.98, -19.55, -19.02, -22.48, -25.96, -28.69, -32.23, -35.64, -36.48, -37.51, -38.99, -39.32, -39.99, -40.26, -40.39, -39.34, -33.81, -33.45, -33.96, -33.95, -33.00, -33.99, -34.07, -34.25, -34.47, -34.95, -34.66, -34.79, -35.37, -42.55, -43.36, -44.25, -44.55, -44.70, -44.88, -44.88
2026-10-01, 16:50:49, 101334960, 103553926, 5425.35, 112, -47.38, -47.14, -47.09, -47.60, -47.29, -48.03, -47.53, -45.62, -38.37, -46.69, -47.78, -47.68, -46.77, -47.32, -46.87, -47.35, -47.55, -47.48, -47.28, -47.50, -46.91, -46.65, -46.47, -47.36, -46.87, -46.97, -46.71, -46.45, -46.15, -46.76, -45.94, -45.63, -46.55, -45.96, -46.19, -46.37, -45.88, -46.73, -45.30, -43.93, -46.63, -46.18, -45.73, -46.43, -45.73, -46.63, -46.11, -45.75, -45.93, -46.44, -46.26, -46.33, -46.37, -46.77, -46.75, -46.55, -46.55, -46.22, -46.66, -46.07, -46.38, -46.90, -46.29, -46.74, -47.85, -46.69, -47.16, -46.24, -46.30, -46.47, -46.64, -47.25, -46.64, -46.79, -46.43, -46.61, -46.98, -46.51, -45.94, -45.52, -47.29, -46.57, -47.23, -47.69, -47.17, -46.59, -46.60, -46.56, -45.63, -45.97, -46.71, -47.13, -47.08, -46.86, -46.41, -46.42, -46.24, -45.94, -45.41, -46.25, -47.45, -46.43, -47.08, -46.37, -46.39, -45.88, -45.70, -45.51, -45.74, -45.43, -46.45, -46.09, -45.69, -46.19, -45.39, -45.43, -45.73, -45.27, -45.44, -45.81, -45.37, -44.62, -46.33, -46.25, -45.49, -45.43, -45.56, -46.09, -46.98, -46.57, -46.12, -45.98, -47.09, -46.56, -46.30, -46.39, -46.87, -46.51, -46.31, -46.68, -45.91, -45.23, -44.25, -45.78, -46.31, -46.21, -46.92, -46.32, -46.31, -45.78, -46.04, -45.92, -46.18, -45.83, -46.29, -46.55, -45.37, -45.94, -44.92, -46.36, -46.05, -45.65, -45.55, -44.58, -44.99, -45.77, -44.71, -44.90, -45.05, -44.71, -42.69, -44.87, -45.41, -44.77, -44.94, -45.70, -45.82, -45.33, -45.70, -45.90, -45.31, -46.18, -45.15, -46.36, -45.67, -45.03, -45.28, -45.13, -46.22, -45.17, -45.13, -46.11, -46.35, -46.18, -46.27, -46.22, -45.93, -46.00, -45.95, -45.56, -46.52, -45.54, -45.03, -42.46, -43.75, -43.93, -43.93, -43.19, -44.28, -43.63, -43.66, -44.04, -42.56, -42.50, -42.30, -41.40, -42.07, -41.55, -41.31, -40.77, -40.52, -41.40, -42.57, -41.79, -43.73, -43.80, -44.18, -44.67, -46.05, -46.35, -46.77, -46.30, -46.78, -46.82, -46.50, -46.43, -45.37, -46.29, -46.82, -46.54, -46.77, -45.47, -45.48, -45.51, -45.30, -46.52, -45.35, -46.28, -46.14, -45.55, -45.51, -45.11, -39.49, -44.56, -45.01, -44.84, -44.65, -44.05, -44.96, -44.68, -45.65, -45.66, -45.63, -46.82, -46.28, -46.02, -46.37, -46.10, -45.95, -45.41, -46.25, -45.54, -45.91, -46.15, -46.61, -46.83, -47.22, -46.52, -46.81, -46.10, -45.73, -45.55, -44.89, -45.88, -45.32, -44.82, -46.81, -46.54, -46.19, -46.45, -45.97, -42.85, -45.91, -46.68, -47.01, -46.86, -46.81, -46.69, -46.95, -46.52, -46.36, -45.00, -46.05, -45.57, -46.74, -46.75, -45.39, -45.75, -45.94, -46.36, -46.96, -46.83, -46.42, -47.39, -46.81, -46.60, -46.87, -46.40, -46.39, -46.89, -45.93, -45.73, -43.87, -42.71, -39.15, -40.56, -40.78, -41.21, -40.34, -39.87, -39.41, -38.99, -37.47, -34.47, -27.35, -35.72, -36.55, -35.84, -35.52, -34.95, -34.62, -36.91, -39.96, -39.68, -39.54, -45.15, -46.64, -45.62, -45.48, -45.40, -45.51, -45.86, -46.92, -46.30, -46.74, -46.15, -46.82, -46.84, -45.17, -45.56, -45.70, -45.33, -45.70, -45.41, -45.51, -44.85, -44.57, -43.73, -45.56, -44.82, -45.69, -46.08, -46.34, -46.30, -45.71, -46.54, -47.07, -47.11, -47.75, -47.27, -46.80, -46.61, -46.98, -43.98, -44.93, -45.62, -45.83, -46.00, -45.65, -46.27, -46.70, -45.81, -46.33, -47.12, -47.30, -47.27, -47.39, -47.06, -47.46, -46.95, -46.76, -47.25, -46.94, -46.07, -44.66, -45.27, -40.58, -42.48, -42.74, -43.13, -43.13
2026-10-01, 16:50:49, 103557182, 105776148, 5425.35, 112, -48.06, -47.08, -47.64, -48.00, -48.04, -48.25, -48.03, -47.76, -48.14, -48.40, -48.16, -47.04, -48.57, -46.91, -47.19, -47.14, -47.09, -46.19, -46.07, -44.45, -43.22, -42.40, -41.58, -40.87, -40.59, -39.94, -39.95, -39.63, -38.96, -38.31, -37.62, -38.47, -39.38, -39.22, -40.42, -41.55, -41.97, -43.35, -44.50, -45.15, -44.69, -47.49, -46.04, -46.75, -46.64, -46.76, -47.18, -46.05, -46.67, -46.52, -46.67, -47.80, -46.38, -46.77, -47.29, -46.79, -47.28, -47.88, -46.93, -46.62, -47.62, -47.53, -47.33, -47.53, -47.32, -47.17, -47.59, -47.08, -47.32, -46.93, -47.23, -47.44, -47.17, -48.34, -47.27, -47.25, -47.35, -47.15, -47.43, -46.69, -46.79, -46.88, -45.64, -47.13, -47.02, -46.91, -47.38, -47.99, -47.19, -47.68, -46.90, -47.44, -47.38, -47.21, -46.63, -46.49, -47.43, -46.74, -47.10, -46.60, -45.64, -44.10, -44.74, -46.31, -47.45, -47.33, -47.30, -46.37, -47.12, -48.27, -47.68, -47.43, -47.20, -47.06, -47.99, -46.43, -47.41, -46.78, -47.32, -47.22, -46.44, -47.19, -47.08, -46.86, -47.54, -46.59, -46.84, -47.14, -46.48, -46.71, -46.97, -46.96, -46.60, -46.76, -46.67, -46.56, -46.90, -46.65, -47.19, -47.04, -46.67, -46.25, -47.75, -46.75, -47.38, -46.37, -46.92, -46.28, -45.85, -46.23, -47.08, -46.28, -46.71, -46.78, -46.81, -46.84, -46.60, -46.65, -47.09, -46.42, -47.05, -46.75, -46.08, -46.18, -46.24, -46.25, -46.31, -46.96, -46.12, -46.96, -46.63, -46.64, -45.92, -46.28, -44.53, -40.31, -40.88, -39.99, -40.27, -39.97, -39.33, -39.48, -39.67, -39.41, -40.15, -39.57, -40.23, -39.51, -39.95, -40.65, -42.30, -44.32, -44.04, -44.70, -44.12, -43.87, -43.32, -42.19, -40.82, -39.55, -37.85, -37.18, -35.56, -34.98, -34.36, -31.79, -31.79, -28.68, -24.25, -23.54, -20.87, -17.96, -21.49, -21.18, -21.50, -26.55, -29.83, -30.42, -33.20, -35.62, -34.33, -36.22, -36.35, -37.84, -39.06, -40.81, -41.69, -42.83, -44.68, -45.05, -44.70, -44.17, -42.92, -40.22, -39.76, -39.35, -39.60, -40.36, -40.19, -40.01, -40.03, -40.26, -39.85, -40.52, -39.72, -40.47, -41.03, -41.07, -43.27, -45.36, -45.80, -46.93, -46.77, -45.73, -45.99, -45.97, -47.10, -46.22, -46.92, -47.15, -47.01, -47.37, -46.48, -46.34, -46.51, -46.69, -46.74, -46.96, -46.88, -46.50, -46.95, -46.69, -47.09, -46.92, -46.72, -46.87, -46.95, -46.21, -46.59, -46.29, -47.46, -47.42, -47.13, -46.90, -46.56, -46.89, -46.75, -46.80, -46.89, -47.74, -46.93, -46.75, -46.75, -46.33, -46.74, -46.83, -46.19, -46.94, -46.94, -47.14, -46.96, -47.25, -47.83, -47.66, -46.77, -47.21, -48.22, -47.12, -47.76, -47.46, -47.76, -47.37, -47.18, -47.14, -47.33, -46.70, -47.21, -47.71, -47.08, -47.22, -47.96, -47.54, -46.81, -47.15, -47.48, -47.91, -48.12, -47.34, -47.85, -47.61, -47.35, -47.78, -47.27, -47.73, -47.40, -48.17, -47.05, -48.72, -47.14, -47.22, -46.76, -47.96, -46.92, -47.12, -47.34, -47.16, -47.18, -46.67, -45.92, -47.91, -47.02, -46.85, -45.93, -44.72, -43.36, -43.70, -43.33, -42.54, -40.24, -41.36, -42.97, -43.23, -42.94, -44.25, -44.28, -46.02, -44.20, -46.92, -47.10, -47.31, -47.25, -46.99, -47.41, -47.82, -47.03, -47.27, -47.09, -47.33, -47.29, -48.01, -47.61, -47.95, -48.06, -47.56, -47.86, -47.45, -48.08, -48.06, -48.76, -47.84, -47.63, -48.60, -48.25, -48.34, -48.58, -48.18, -48.58, -48.82, -47.93, -47.78, -48.53, -47.96, -47.78, -48.04, -47.45, -47.89, -47.26, -46.87, -48.33, -47.72, -47.72
2026-10-01, 16:50:49, 105779404, 107998370, 5425.35, 112, -48.33, -48.25, -48.04, -49.08, -48.69, -48.61, -49.12, -47.82, -48.11, -48.55, -48.90, -47.97, -48.32, -48.20, -48.38, -48.75, -47.04, -47.97, -47.83, -47.55, -48.20, -47.85, -47.75, -47.84, -47.83, -47.95, -48.24, -47.51, -46.60, -47.47, -47.08, -47.33, -47.81, -47.66, -46.85, -46.74, -46.32, -47.10, -46.23, -47.55, -46.81, -47.35, -47.30, -47.06, -46.82, -46.92, -47.82, -46.85, -47.15, -46.22, -47.23, -46.55, -47.17, -47.04, -47.60, -47.54, -47.17, -47.01, -47.58, -47.11, -47.26, -46.97, -47.30, -47.46, -46.63, -47.53, -47.04, -46.99, -47.50, -47.29, -47.77, -47.86, -47.92, -47.04, -47.84, -47.34, -47.91, -47.15, -47.97, -47.91, -46.89, -47.19, -48.13, -47.69, -47.34, -47.16, -46.98, -44.61, -47.38, -47.31, -47.50, -47.28, -47.35, -47.20, -46.92, -46.09, -46.71, -47.49, -46.04, -46.84, -47.15, -47.85, -46.95, -46.67, -46.91, -47.01, -46.74, -46.91, -46.90, -46.59, -46.51, -46.72, -45.94, -46.86, -47.51, -47.30, -46.67, -47.67, -47.22, -47.11, -47.43, -46.67, -47.24, -46.88, -46.69, -47.34, -47.24, -46.04, -46.62, -46.53, -47.34, -46.27, -46.74, -45.95, -46.52, -46.73, -46.84, -46.98, -47.18, -47.43, -46.66, -46.64, -46.64, -47.50, -46.38, -46.61, -46.10, -46.78, -46.68, -47.12, -47.05, -46.39, -46.30, -46.21, -46.52, -47.01, -46.81, -47.29, -45.64, -46.49, -46.71, -47.18, -46.83, -46.77, -46.17, -46.07, -46.62, -46.06, -46.49, -46.00, -45.14, -41.14, -40.86, -40.97, -40.26, -40.39, -41.07, -41.54, -40.69, -40.54, -40.57, -39.87, -41.21, -41.10, -45.00, -44.78, -44.70, -44.74, -45.23, -44.74, -44.03, -43.08, -41.16, -41.67, -41.19, -38.99, -35.09, -35.09, -34.34, -28.58, -29.94, -29.17, -26.96, -26.99, -28.08, -25.66, -25.66, -24.97, -25.26, -23.77, -23.30, -22.06, -22.40, -22.75, -24.42, -26.23, -28.48, -29.18, -29.24, -31.35, -34.90, -35.31, -38.05, -39.33, -41.14, -42.68, -44.05, -43.38, -44.72, -44.87, -44.39, -41.02, -39.62, -39.26, -39.86, -39.23, -39.71, -39.78, -40.10, -39.49, -39.74, -40.05, -39.16, -39.79, -43.91, -46.48, -46.67, -46.80, -46.50, -45.99, -46.86, -47.49, -47.02, -46.76, -47.06, -46.90, -47.00, -47.42, -46.69, -47.19, -47.13, -47.34, -47.30, -47.43, -47.44, -47.39, -47.91, -47.13, -46.95, -45.95, -46.22, -45.37, -46.65, -45.31, -45.96, -45.29, -44.88, -44.86, -44.70, -45.26, -44.62, -44.53, -44.95, -45.37, -45.79, -45.54, -46.22, -46.18, -45.63, -46.14, -46.44, -46.31, -46.60, -46.89, -47.15, -47.64, -47.81, -47.76, -48.06, -47.66, -47.27, -47.63, -48.39, -47.70, -47.19, -47.26, -47.66, -47.41, -46.72, -47.36, -47.75, -47.98, -48.76, -48.23, -47.39, -47.26, -47.48, -47.16, -47.42, -47.18, -47.45, -41.01, -47.31, -47.11, -46.49, -48.05, -47.60, -48.30, -47.66, -47.61, -47.27, -46.89, -47.71, -46.68, -46.48, -46.58, -46.83, -45.94, -45.83, -45.21, -43.13, -42.30, -40.41, -36.79, -33.92, -33.92, -33.13, -30.77, -30.13, -31.55, -31.77, -30.21, -31.06, -30.64, -29.75, -28.96, -30.42, -29.45, -30.15, -29.89, -32.24, -33.25, -34.52, -36.08, -38.25, -40.14, -37.12, -40.00, -44.35, -44.78, -44.50, -46.61, -46.88, -46.43, -47.30, -46.25, -47.38, -46.68, -46.55, -46.44, -47.28, -47.48, -48.44, -47.44, -47.62, -47.02, -47.21, -49.06, -47.86, -47.74, -47.69, -47.57, -48.48, -48.21, -47.89, -48.17, -47.58, -47.45, -48.35, -48.18, -48.28, -47.87, -47.79, -47.97, -47.91, -48.70, -48.38, -48.01, -48.29, -48.18, -48.18
2026-10-01, 16:50:51, 88001628, 90220594, 5425.35, 96, -47.51, -47.79, -47.24, -47.50, -47.43, -47.66, -47.56, -47.35, -48.76, -48.13, -47.05, -48.05, -47.85, -47.16, -47.18, -46.82, -46.21, -46.35, -46.58, -47.13, -46.50, -46.72, -47.24, -47.09, -47.20, -46.16, -46.58, -46.34, -46.76, -46.67, -46.92, -45.93, -45.81, -45.82, -45.53, -45.54, -46.03, -44.20, -43.69, -37.77, -43.27, -43.92, -45.09, -46.54, -45.53, -46.03, -46.84, -44.76, -45.59, -45.95, -46.40, -47.05, -46.27, -45.90, -46.25, -46.79, -46.26, -46.81, -46.31, -40.82, -45.86, -46.14, -46.51, -46.98, -46.26, -46.67, -46.39, -46.85, -47.45, -45.96, -46.57, -46.80, -45.49, -46.78, -46.84, -47.88, -47.15, -46.23, -46.73, -45.57, -46.50, -45.75, -45.84, -46.99, -45.64, -46.12, -45.19, -46.12, -44.55, -46.14, -44.61, -45.40, -44.30, -45.35, -44.56, -44.64, -44.68, -46.02, -45.71, -46.21, -46.06, -46.27, -46.00, -46.84, -46.82, -45.88, -46.65, -46.41, -46.24, -47.21, -45.72, -46.41, -46.45, -46.21, -46.31, -46.52, -44.62, -45.80, -46.35, -44.14, -42.44, -37.16, -41.93, -43.97, -44.86, -46.09, -45.28, -46.41, -45.59, -44.03, -40.07, -45.71, -46.36, -45.81, -46.13, -46.54, -46.92, -46.38, -46.99, -46.46, -46.55, -47.23, -46.95, -46.52, -46.64, -46.17, -46.69, -46.54, -46.59, -47.22, -46.65, -46.44, -46.06, -45.96, -46.09, -46.36, -45.96, -46.52, -46.39, -46.92, -46.01, -46.86, -45.18, -45.37, -45.43, -46.47, -44.29, -44.26, -46.23, -45.91, -45.78, -45.17, -45.85, -45.69, -46.04, -46.68, -46.54, -46.22, -46.29, -45.78, -46.32, -46.42, -45.71, -46.49, -46.73, -46.20, -46.53, -46.17, -46.06, -47.39, -46.46, -46.71, -46.31, -46.90, -45.94, -46.43, -47.07, -46.49, -45.31, -45.50, -41.25, -40.52, -45.63, -44.21, -45.92, -46.22, -46.22, -47.13, -45.99, -46.94, -46.30, -46.69, -44.32, -46.40, -45.95, -46.24, -46.13, -47.19, -46.64, -46.67, -46.21, -46.86, -45.77, -46.16, -46.57, -46.29, -46.59, -47.03, -46.80, -46.00, -45.96, -46.52, -46.95, -46.92, -46.17, -46.54, -45.70, -46.27, -46.49, -46.49, -45.79, -46.26, -46.89, -46.89, -46.94, -47.54, -46.31, -46.83, -45.65, -46.45, -46.82, -46.84, -46.27, -46.56, -46.64, -47.03, -46.36, -47.42, -47.03, -47.02, -45.60, -46.53, -47.07, -46.58, -46.07, -46.08, -47.76, -46.85, -47.39, -46.74, -46.11, -42.08, -45.10, -47.12, -46.62, -46.57, -46.20, -46.10, -46.62, -47.10, -47.12, -46.27, -46.93, -46.21, -46.90, -46.07, -47.01, -46.50, -46.38, -46.62, -46.34, -46.17, -46.73, -46.64, -45.85, -46.56, -46.91, -46.10, -46.65, -45.92, -45.40, -45.11, -44.60, -44.50, -43.33, -42.11, -40.63, -39.67, -39.59, -38.98, -37.80, -36.43, -36.78, -37.11, -35.95, -35.55, -35.26, -35.22, -35.63, -35.21, -36.03, -36.75, -37.38, -37.87, -39.63, -39.00, -43.09, -43.93, -43.63, -44.96, -45.72, -45.86, -46.72, -47.14, -46.24, -46.71, -47.41, -46.90, -47.01, -46.94, -47.10, -46.77, -42.40, -47.06, -46.18, -47.39, -46.55, -47.07, -46.91, -46.91, -46.03, -46.77, -46.56, -46.86, -47.18, -46.73, -47.70, -46.97, -46.27, -47.14, -46.76, -46.81, -46.87, -47.22, -46.84, -46.27, -46.97, -47.26, -46.93, -46.81, -46.51, -47.62, -47.03, -47.48, -47.42, -48.06, -47.13, -46.73, -47.85, -46.94, -47.36, -47.94, -47.43, -47.98, -47.68, -46.54, -46.72, -46.92, -47.74, -46.58, -46.76, -46.89, -46.36, -46.39, -46.97, -47.14, -47.48, -47.01, -47.05, -47.54, -47.38, -49.04, -47.27, -48.74, -48.52, -47.77, -47.98, -48.15, -48.06, -48.08, -48.08
2026-10-01, 16:50:51, 90223850, 92442816, 5425.35, 96, -47.78, -48.12, -47.06, -44.38, -47.69, -47.78, -45.77, -47.56, -45.33, -45.27, -43.95, -43.23, -43.80, -39.87, -36.09, -34.08, -36.98, -39.38, -40.59, -43.66, -43.80, -44.27, -44.60, -45.83, -46.51, -46.92, -46.42, -46.53, -46.67, -47.04, -47.92, -46.26, -46.24, -46.61, -46.82, -45.79, -47.04, -46.78, -46.76, -46.16, -47.10, -46.51, -46.61, -46.30, -47.12, -46.26, -45.97, -46.04, -46.46, -45.97, -47.06, -45.88, -46.09, -45.53, -45.60, -46.61, -46.42, -46.70, -47.05, -46.79, -46.18, -46.32, -46.42, -46.27, -45.70, -44.97, -45.09, -45.52, -45.16, -45.57, -44.91, -44.87, -44.54, -44.61, -41.02, -43.45, -43.11, -40.60, -39.53, -39.96, -40.05, -37.52, -37.19, -32.39, -33.29, -27.19, -24.57, -22.20, -12.61, -19.23, -22.42, -28.32, -30.96, -31.69, -35.05, -37.46, -38.22, -39.63, -39.63, -39.49, -42.53, -42.80, -43.26, -44.09, -44.12, -45.04, -44.62, -45.45, -44.86, -46.27, -45.84, -44.52, -46.54, -46.03, -45.54, -45.86, -45.57, -45.60, -46.36, -45.83, -45.29, -46.11, -46.49, -45.88, -46.39, -46.37, -46.64, -45.78, -46.70, -45.95, -45.94, -46.15, -46.07, -46.79, -45.75, -46.27, -46.04, -46.16, -46.16, -45.88, -46.45, -46.84, -46.24, -45.07, -45.60, -41.46, -45.69, -46.16, -45.40, -45.87, -45.17, -45.72, -45.53, -46.47, -46.20, -47.17, -46.34, -45.29, -46.09, -46.37, -46.48, -46.79, -46.63, -46.32, -46.23, -46.01, -45.67, -46.07, -45.77, -46.64, -44.19, -44.88, -46.19, -46.24, -46.12, -46.23, -45.67, -46.30, -45.30, -45.66, -46.07, -45.71, -46.25, -45.89, -45.62, -45.47, -46.05, -45.99, -45.53, -45.13, -45.74, -45.29, -43.31, -41.75, -40.70, -40.82, -40.48, -40.41, -40.76, -40.56, -40.39, -39.40, -39.80, -41.93, -43.32, -45.16, -45.16, -46.64, -46.22, -46.12, -44.96, -46.59, -46.15, -45.67, -45.99, -43.66, -39.55, -45.68, -45.99, -45.19, -45.24, -46.34, -46.16, -46.38, -45.63, -47.01, -46.08, -46.38, -45.87, -46.17, -45.56, -46.82, -45.91, -46.13, -46.00, -45.69, -45.78, -45.83, -45.71, -45.48, -45.10, -46.22, -46.09, -46.21, -45.82, -46.80, -45.42, -45.70, -46.24, -45.55, -45.97, -45.93, -45.54, -45.64, -45.76, -46.08, -46.02, -45.98, -45.54, -45.71, -45.48, -46.18, -46.23, -45.94, -46.38, -46.89, -46.58, -46.66, -47.01, -46.10, -46.83, -46.12, -46.32, -46.01, -45.85, -46.15, -45.57, -46.02, -46.19, -45.96, -45.92, -45.88, -46.29, -46.62, -46.30, -44.40, -40.58, -39.60, -46.06, -46.00, -46.84, -45.54, -45.63, -46.29, -46.36, -45.63, -45.45, -47.19, -46.41, -46.18, -46.49, -44.32, -45.87, -46.07, -45.88, -47.19, -46.24, -45.86, -47.25, -46.27, -46.32, -46.10, -45.17, -46.50, -46.14, -46.86, -46.67, -46.51, -46.03, -46.16, -46.82, -46.52, -47.09, -47.03, -46.43, -46.82, -46.69, -46.81, -46.79, -46.89, -47.13, -48.12, -46.71, -46.97, -44.84, -46.39, -47.21, -46.22, -46.79, -46.06, -46.56, -46.40, -46.55, -45.04, -46.42, -45.53, -40.69, -44.36, -45.65, -46.04, -45.32, -45.52, -46.62, -46.36, -46.05, -45.88, -44.71, -38.42, -42.38, -45.04, -45.91, -46.83, -47.05, -46.75, -45.52, -45.84, -46.89, -46.68, -45.67, -45.88, -46.03, -46.75, -47.03, -46.64, -46.78, -46.51, -46.15, -46.09, -46.92, -46.68, -46.35, -46.79, -45.91, -40.22, -44.82, -46.68, -46.07, -46.01, -46.69, -47.72, -46.45, -46.23, -46.19, -45.95, -47.75, -46.12, -46.95, -47.21, -47.96, -47.00, -47.17, -46.49, -47.90, -47.51, -47.35, -47.77, -46.94, -47.39, -47.91, -47.76, -47.76
2026-10-01, 16:50:51, 92446072, 94665038, 5425.35, 96, -47.02, -46.13, -44.48, -45.38, -46.34, -46.74, -47.09, -47.22, -47.75, -47.53, -47.64, -47.38, -47.22, -47.48, -47.72, -47.68, -47.31, -45.84, -42.16, -41.07, -45.81, -47.68, -46.37, -46.50, -45.90, -44.68, -46.11, -46.75, -46.67, -46.11, -47.27, -46.06, -47.33, -45.98, -46.69, -45.84, -46.31, -46.27, -46.13, -46.70, -46.00, -46.09, -45.11, -46.41, -45.63, -45.06, -45.36, -44.33, -44.16, -44.90, -44.45, -46.06, -45.32, -46.17, -45.69, -45.42, -45.59, -47.11, -46.52, -45.91, -46.04, -45.73, -46.36, -46.43, -46.41, -45.91, -45.55, -46.57, -46.14, -46.47, -45.83, -46.25, -45.85, -45.67, -46.51, -46.32, -47.23, -45.97, -46.83, -46.40, -46.52, -46.09, -46.77, -45.66, -45.90, -45.82, -46.29, -46.18, -46.58, -40.29, -44.53, -46.11, -45.58, -46.67, -46.36, -46.33, -46.83, -46.00, -46.15, -46.28, -46.32, -45.61, -45.50, -45.91, -46.33, -46.77, -46.69, -46.97, -46.39, -46.34, -46.86, -46.69, -46.11, -45.69, -46.50, -46.16, -46.27, -45.83, -46.75, -46.33, -45.49, -46.46, -46.81, -45.95, -45.87, -45.79, -45.96, -45.42, -45.89, -45.98, -45.68, -45.77, -45.82, -46.05, -47.53, -46.45, -45.71, -46.78, -46.36, -46.23, -45.93, -45.83, -46.70, -46.70, -46.41, -46.83, -46.41, -46.60, -45.62, -45.90, -46.86, -46.40, -46.04, -46.83, -46.66, -46.36, -46.78, -46.03, -47.04, -45.75, -39.67, -45.37, -47.00, -45.86, -46.36, -46.70, -46.50, -46.19, -45.45, -46.05, -47.07, -46.30, -45.72, -46.31, -45.03, -45.99, -45.96, -46.04, -45.56, -45.78, -46.57, -45.69, -45.92, -46.48, -46.37, -46.08, -46.11, -46.04, -46.85, -47.06, -46.28, -45.49, -45.54, -46.46, -46.25, -46.19, -45.70, -46.20, -46.08, -46.60, -45.96, -46.31, -46.42, -46.33, -46.32, -46.87, -46.87, -45.71, -46.14, -46.31, -46.18, -46.23, -47.08, -47.03, -46.33, -46.47, -46.74, -46.51, -45.71, -46.16, -46.21, -44.04, -44.27, -43.12, -41.15, -41.08, -40.63, -40.44, -39.85, -39.78, -37.60, -36.43, -38.16, -38.08, -38.19, -38.31, -38.53, -38.17, -39.57, -40.51, -40.10, -41.21, -44.16, -44.48, -45.62, -45.28, -46.63, -46.24, -46.55, -46.67, -47.37, -47.01, -46.70, -46.86, -45.91, -46.42, -47.38, -47.43, -46.81, -46.67, -46.93, -46.92, -46.65, -47.39, -46.63, -46.70, -47.34, -46.50, -46.63, -47.12, -46.83, -47.56, -46.89, -47.16, -46.55, -46.50, -46.92, -47.31, -46.07, -46.44, -47.39, -47.07, -46.26, -47.03, -46.20, -46.96, -46.48, -47.42, -46.80, -47.20, -46.88, -46.95, -48.05, -47.10, -47.53, -46.86, -46.70, -47.03, -47.32, -47.27, -46.27, -44.37, -44.99, -46.12, -47.40, -47.13, -47.65, -46.54, -46.70, -47.27, -48.01, -47.02, -47.04, -48.13, -47.47, -48.27, -47.92, -48.55, -46.29, -47.90, -47.62, -47.17, -48.03, -48.03, -47.27, -47.02, -48.02, -47.44, -47.17, -47.22, -48.23, -47.51, -47.48, -46.32, -47.56, -47.54, -47.01, -47.61, -48.82, -47.26, -47.08, -47.12, -46.77, -48.22, -47.57, -47.82, -46.42, -47.84, -47.67, -47.93, -47.27, -47.46, -47.26, -47.06, -47.58, -47.07, -48.10, -47.30, -46.79, -48.11, -47.42, -46.55, -46.66, -47.03, -47.06, -46.61, -47.79, -46.87, -47.11, -46.40, -46.83, -46.19, -44.22, -44.00, -42.33, -39.90, -36.72, -36.06, -35.45, -28.93, -36.03, -39.25, -40.16, -43.78, -44.99, -44.37, -47.27, -47.59, -47.35, -47.58, -46.83, -47.44, -48.23, -47.76, -48.08, -46.90, -48.73, -47.92, -47.96, -48.15, -48.42, -48.41, -47.62, -48.16, -47.93, -48.83, -48.67, -47.51, -47.65, -47.87, -47.87
2026-10-01, 16:50:51, 94668294, 96887260, 5425.35, 96, -47.79, -47.97, -48.14, -47.39, -48.25, -48.33, -47.73, -47.45, -47.01, -48.52, -47.05, -47.64, -47.89, -47.80, -48.23, -47.92, -47.73, -47.78, -47.09, -47.20, -47.37, -47.81, -46.73, -47.01, -46.82, -47.03, -46.73, -47.04, -46.40, -47.18, -47.66, -46.88, -46.39, -43.26, -43.58, -46.14, -46.76, -46.98, -47.13, -46.71, -46.86, -46.95, -46.70, -46.49, -46.58, -46.29, -45.79, -46.57, -46.04, -46.21, -47.13, -46.52, -46.05, -46.56, -46.49, -45.93, -46.21, -46.86, -46.59, -46.73, -46.34, -46.78, -46.71, -47.55, -46.47, -46.87, -46.78, -46.42, -46.50, -46.69, -46.84, -47.25, -46.12, -47.61, -46.66, -47.61, -48.00, -46.72, -47.44, -46.93, -46.79, -47.25, -47.26, -47.81, -46.48, -46.93, -47.60, -47.42, -46.46, -47.24, -46.48, -46.87, -46.97, -46.83, -46.68, -46.65, -46.71, -46.74, -47.29, -47.68, -47.13, -47.51, -47.21, -47.06, -37.92, -43.41, -45.62, -46.63, -46.45, -46.86, -47.25, -46.45, -46.23, -46.82, -46.22, -47.09, -47.22, -46.70, -46.92, -47.42, -46.92, -47.29, -46.99, -47.16, -46.77, -46.56, -46.43, -47.07, -47.15, -47.34, -47.30, -47.34, -47.58, -47.87, -47.33, -47.72, -46.94, -47.23, -48.10, -47.08, -46.98, -46.36, -47.09, -46.12, -46.37, -45.96, -46.71, -46.23, -46.31, -47.92, -46.36, -46.56, -45.81, -44.70, -43.75, -45.78, -46.55, -46.86, -46.51, -46.57, -46.67, -45.64, -46.04, -46.46, -45.99, -46.66, -46.37, -46.50, -46.26, -46.49, -46.48, -46.02, -46.34, -46.26, -46.30, -39.27, -45.36, -46.04, -45.83, -45.94, -47.22, -46.25, -45.97, -45.83, -45.76, -45.47, -45.92, -44.63, -44.27, -44.83, -44.23, -44.38, -44.26, -44.55, -45.38, -45.41, -45.61, -45.83, -45.93, -45.64, -44.98, -46.48, -44.81, -46.24, -46.03, -46.75, -46.75, -46.88, -46.26, -47.37, -47.33, -47.66, -46.45, -47.39, -45.92, -46.54, -46.47, -45.90, -46.13, -45.47, -45.76, -45.68, -44.43, -45.59, -46.29, -45.55, -46.33, -46.54, -46.18, -46.80, -46.31, -46.76, -46.08, -46.10, -46.22, -46.12, -46.98, -46.68, -46.69, -46.82, -46.95, -47.08, -46.72, -46.36, -45.88, -45.20, -38.90, -42.36, -46.24, -47.79, -46.72, -46.68, -46.69, -46.56, -46.59, -46.96, -47.00, -46.28, -46.72, -46.02, -46.03, -46.86, -45.60, -46.66, -45.16, -46.10, -46.61, -46.00, -46.71, -46.99, -47.03, -46.81, -47.11, -46.40, -47.58, -47.33, -46.47, -47.95, -47.45, -46.76, -46.35, -47.07, -46.76, -46.72, -47.91, -46.92, -46.63, -47.63, -46.63, -46.88, -46.78, -47.04, -45.34, -46.37, -47.01, -46.76, -47.11, -47.85, -46.93, -47.50, -47.57, -46.44, -47.12, -47.95, -47.93, -46.85, -47.10, -46.98, -47.47, -48.36, -46.96, -47.32, -46.81, -46.78, -47.41, -47.21, -44.16, -42.22, -46.84, -47.86, -48.32, -47.14, -45.53, -46.22, -46.41, -45.23, -45.19, -43.73, -43.68, -43.83, -43.20, -43.38, -43.75, -43.09, -43.97, -43.95, -43.12, -44.24, -42.42, -42.38, -42.43, -41.99, -41.12, -41.00, -41.97, -43.05, -41.48, -42.75, -43.43, -44.22, -44.24, -44.64, -45.44, -47.47, -46.50, -46.26, -46.51, -48.36, -47.12, -47.83, -47.20, -46.99, -47.33, -47.08, -46.84, -47.98, -47.23, -47.53, -47.57, -46.98, -46.81, -46.73, -47.06, -47.49, -47.46, -46.91, -47.60, -47.72, -47.48, -47.31, -47.23, -48.24, -47.49, -48.10, -46.96, -47.84, -47.26, -45.12, -48.10, -47.89, -47.10, -46.85, -48.52, -47.29, -48.11, -48.52, -48.66, -47.07, -48.88, -49.40, -48.03, -47.99, -48.71, -47.78, -48.77, -47.70, -48.05, -47.49, -48.33, -48.24, -48.24
2026-10-01, 16:50:51, 96890516, 99109482, 5425.35, 96, -48.96, -49.34, -48.06, -48.78, -48.15, -48.65, -47.98, -48.91, -48.52, -48.54, -48.41, -48.13, -48.21, -48.18, -49.99, -47.91, -50.25, -48.20, -48.53, -48.46, -47.86, -47.79, -47.91, -48.23, -48.03, -47.12, -49.02, -47.62, -47.51, -47.96, -47.66, -46.44, -47.18, -46.87, -47.05, -47.01, -47.60, -46.77, -46.98, -47.79, -47.29, -46.58, -47.97, -46.82, -46.45, -46.91, -48.36, -46.08, -44.69, -45.65, -46.29, -47.01, -46.55, -46.36, -46.52, -47.54, -47.38, -48.27, -48.26, -47.15, -47.52, -46.16, -46.53, -46.56, -45.91, -45.15, -45.23, -44.86, -42.75, -42.74, -41.62, -40.98, -41.61, -41.09, -41.36, -41.84, -41.10, -40.63, -41.50, -42.55, -43.49, -43.49, -44.36, -44.87, -44.06, -44.65, -45.90, -46.15, -46.74, -46.15, -47.40, -47.81, -47.62, -47.79, -47.14, -48.71, -47.38, -47.06, -47.85, -48.10, -46.84, -47.76, -47.45, -47.41, -47.34, -47.56, -47.25, -47.20, -48.65, -47.24, -47.58, -47.72, -47.13, -47.54, -47.16, -47.83, -46.58, -47.08, -47.24, -44.88, -46.44, -47.96, -47.13, -48.44, -47.45, -47.42, -48.02, -46.98, -47.15, -48.22, -47.22, -47.75, -48.15, -47.55, -47.43, -48.00, -47.08, -48.31, -47.52, -47.74, -48.03, -47.50, -47.41, -47.33, -47.63, -46.38, -46.35, -45.87, -43.83, -41.09, -40.48, -43.33, -45.86, -46.66, -46.37, -45.33, -46.86, -46.18, -46.80, -47.05, -46.17, -47.08, -47.35, -47.30, -47.39, -47.21, -47.38, -47.26, -47.15, -47.54, -46.32, -47.28, -47.56, -47.41, -47.31, -47.59, -48.13, -47.68, -47.46, -47.14, -46.79, -47.14, -46.86, -47.03, -46.65, -47.45, -47.93, -47.61, -46.65, -47.28, -42.72, -47.28, -48.09, -47.63, -46.65, -47.99, -46.42, -47.16, -47.48, -47.38, -46.58, -47.97, -46.47, -47.69, -47.38, -46.88, -46.88, -47.70, -47.06, -47.89, -47.85, -47.96, -46.91, -47.90, -47.70, -47.36, -46.44, -47.04, -47.50, -47.95, -47.68, -47.39, -48.11, -47.19, -47.16, -47.08, -47.06, -47.59, -47.07, -47.84, -47.89, -47.63, -47.19, -47.62, -46.99, -47.01, -46.41, -47.53, -47.37, -46.86, -46.67, -47.53, -47.15, -47.23, -47.39, -47.08, -47.39, -47.08, -46.75, -47.10, -47.10, -46.75, -46.42, -47.07, -46.45, -46.38, -45.92, -46.88, -46.14, -44.46, -42.78, -32.59, -44.24, -46.10, -46.78, -46.90, -46.83, -47.24, -47.18, -46.98, -47.06, -47.78, -48.48, -47.59, -47.18, -47.22, -47.61, -47.03, -47.25, -47.16, -46.84, -46.89, -47.41, -47.98, -47.42, -47.44, -47.08, -47.30, -46.81, -47.36, -47.59, -46.89, -47.37, -47.11, -47.29, -47.71, -45.70, -47.37, -46.11, -45.85, -46.69, -46.53, -46.33, -45.87, -46.72, -46.17, -45.87, -46.03, -45.78, -46.41, -46.06, -46.43, -45.05, -46.53, -46.73, -46.43, -46.62, -46.69, -46.87, -46.55, -45.94, -45.67, -43.88, -42.20, -41.79, -39.68, -39.23, -38.23, -37.13, -39.07, -36.60, -37.00, -35.59, -36.01, -36.76, -36.62, -36.10, -35.53, -34.77, -34.49, -33.85, -35.07, -34.36, -36.21, -36.88, -39.31, -40.72, -43.50, -44.68, -46.17, -46.46, -46.36, -46.29, -47.03, -47.40, -46.38, -45.65, -45.94, -46.03, -45.51, -45.99, -45.80, -45.72, -45.85, -45.96, -45.09, -46.21, -45.21, -45.75, -45.05, -45.65, -46.69, -47.21, -46.53, -47.33, -47.37, -47.27, -47.55, -47.86, -46.99, -47.14, -47.13, -47.26, -47.75, -48.18, -47.23, -47.19, -47.87, -47.44, -47.29, -47.97, -48.67, -47.56, -48.13, -48.45, -47.86, -48.00, -48.14, -48.28, -48.42, -48.16, -48.45, -46.16, -47.61, -46.89, -48.32, -46.99, -47.24, -47.26, -46.98, -46.98
2026-10-01, 16:50:51, 99112738, 101331704, 5425.35, 96, -41.11, -42.89, -45.56, -45.16, -45.46, -46.66, -45.82, -46.42, -46.56, -46.66, -46.15, -46.58, -47.05, -46.94, -45.99, -44.73, -46.04, -45.08, -44.68, -44.46, -44.25, -44.45, -44.23, -44.43, -44.69, -45.44, -45.73, -44.69, -47.21, -47.13, -46.56, -46.77, -47.19, -46.35, -46.92, -45.57, -45.22, -44.95, -45.08, -44.69, -44.07, -44.85, -45.11, -44.55, -45.41, -47.01, -46.66, -45.93, -46.61, -45.87, -46.11, -45.96, -46.21, -46.53, -46.20, -46.24, -45.94, -46.01, -46.28, -46.61, -44.17, -45.13, -45.13, -43.92, -43.67, -44.66, -43.64, -43.44, -42.21, -41.03, -40.64, -40.64, -40.52, -40.84, -40.54, -39.84, -40.30, -41.24, -42.21, -43.51, -44.50, -44.46, -45.46, -45.37, -45.83, -45.95, -45.71, -46.68, -46.30, -46.50, -46.56, -46.98, -46.52, -46.59, -46.39, -46.30, -46.19, -46.80, -46.60, -46.11, -46.20, -46.23, -45.38, -46.09, -46.32, -46.75, -44.99, -46.35, -46.20, -45.58, -46.99, -46.66, -45.26, -46.58, -46.08, -45.93, -46.35, -45.51, -45.92, -46.06, -45.27, -45.13, -45.11, -44.73, -45.44, -44.42, -44.73, -45.66, -46.35, -45.67, -45.84, -46.18, -46.70, -46.96, -45.53, -43.74, -46.61, -46.13, -45.70, -46.95, -47.31, -46.84, -46.46, -46.26, -46.15, -45.45, -45.23, -45.47, -46.28, -46.07, -45.10, -45.51, -43.24, -45.28, -45.12, -44.93, -45.46, -44.13, -43.90, -45.79, -46.61, -46.69, -46.66, -46.19, -46.36, -44.32, -46.28, -46.37, -46.59, -45.93, -45.96, -46.15, -46.46, -45.47, -46.67, -46.00, -45.69, -46.90, -45.74, -45.84, -45.48, -46.11, -45.32, -45.75, -44.71, -45.39, -46.04, -45.09, -45.79, -46.08, -46.12, -46.16, -46.23, -46.22, -46.06, -46.35, -46.10, -46.75, -45.39, -44.99, -44.98, -45.05, -44.78, -45.63, -45.34, -44.47, -44.47, -44.64, -44.74, -44.95, -45.42, -46.09, -45.57, -46.16, -45.56, -45.47, -46.22, -45.44, -45.49, -46.20, -45.43, -45.51, -45.72, -45.04, -46.66, -45.94, -45.50, -46.45, -46.70, -46.36, -45.76, -47.26, -46.06, -46.57, -46.89, -45.53, -44.90, -45.42, -46.00, -46.02, -45.87, -45.36, -45.42, -45.76, -45.96, -45.96, -46.20, -46.11, -46.39, -46.73, -45.80, -46.61, -46.28, -46.10, -44.65, -45.05, -44.93, -45.19, -46.07, -45.48, -45.58, -45.56, -45.92, -45.71, -46.06, -47.01, -47.89, -46.74, -46.91, -45.73, -46.79, -46.60, -45.98, -46.43, -46.85, -46.34, -44.77, -46.55, -46.14, -46.35, -44.46, -45.00, -45.66, -45.25, -45.67, -45.01, -45.34, -44.21, -45.77, -44.28, -45.11, -45.39, -45.08, -45.15, -44.75, -44.86, -44.86, -44.41, -45.01, -45.41, -45.00, -45.03, -45.34, -45.33, -45.11, -45.21, -45.13, -46.02, -45.90, -45.07, -45.57, -46.73, -45.16, -45.01, -44.81, -45.69, -45.82, -45.16, -45.07, -44.82, -44.62, -45.01, -44.99, -45.01, -44.00, -45.01, -43.13, -43.97, -43.29, -42.76, -38.02, -31.93, -32.28, -32.04, -32.65, -31.81, -31.28, -30.88, -30.80, -30.27, -31.19, -30.69, -30.76, -34.06, -39.85, -40.96, -40.32, -39.90, -39.84, -39.38, -39.21, -38.58, -38.70, -37.45, -36.58, -35.61, -35.13, -34.12, -29.73, -26.02, -24.93, -22.79, -19.90, -14.96, -13.63, -13.25, -13.52, -12.80, -13.31, -13.41, -12.60, -12.19, -13.82, -17.24, -20.44, -22.42, -21.14, -25.45, -29.50, -33.54, -33.10, -35.74, -36.41, -37.33, -38.36, -38.92, -39.20, -39.74, -39.82, -39.79, -38.68, -33.15, -34.09, -33.56, -33.53, -33.29, -34.17, -33.10, -33.78, -34.89, -34.50, -35.44, -35.15, -35.35, -42.43, -44.24, -44.32, -44.15, -44.35, -44.93, -44.93
2026-10-01, 16:50:51, 101334960, 103553926, 5425.35, 96, -47.48, -47.32, -47.30, -48.04, -47.72, -46.51, -47.36, -46.37, -38.96, -46.84, -47.85, -46.93, -46.47, -47.02, -47.00, -47.87, -47.18, -47.11, -47.29, -47.81, -47.58, -46.30, -46.54, -47.57, -46.76, -46.91, -46.59, -46.79, -46.39, -46.51, -46.52, -46.55, -45.29, -46.49, -46.09, -45.43, -45.19, -45.28, -45.37, -45.75, -45.98, -45.98, -46.13, -46.26, -46.32, -45.98, -46.53, -47.03, -46.65, -45.97, -46.37, -47.35, -46.41, -46.48, -46.34, -46.45, -46.16, -46.07, -45.85, -46.76, -46.36, -47.62, -46.54, -46.77, -46.56, -46.30, -46.70, -47.05, -46.77, -47.69, -47.52, -47.50, -46.96, -46.81, -46.29, -46.30, -46.06, -45.65, -46.17, -45.65, -45.89, -46.68, -46.83, -47.20, -46.64, -46.29, -46.11, -47.34, -46.16, -45.73, -46.48, -46.21, -46.74, -47.10, -46.96, -46.55, -46.19, -46.24, -46.90, -46.43, -46.14, -46.94, -46.19, -46.32, -46.65, -46.16, -45.23, -46.59, -45.46, -45.26, -45.77, -45.24, -46.08, -45.91, -45.34, -46.28, -45.57, -44.72, -44.90, -44.26, -45.10, -45.76, -45.03, -45.68, -46.03, -46.60, -46.50, -46.19, -46.77, -47.20, -46.80, -47.13, -46.95, -46.87, -46.53, -46.84, -46.11, -46.23, -45.99, -46.67, -45.82, -44.74, -45.06, -46.47, -45.38, -46.24, -45.79, -46.18, -46.15, -45.97, -46.64, -45.52, -45.42, -46.23, -45.70, -45.73, -45.79, -46.24, -46.94, -46.60, -45.24, -44.97, -44.87, -45.40, -44.96, -44.75, -45.14, -44.43, -43.51, -43.50, -44.48, -43.99, -45.02, -45.45, -45.11, -46.11, -45.78, -45.38, -45.59, -44.89, -45.53, -45.67, -45.89, -46.06, -45.47, -45.07, -45.13, -44.80, -45.73, -46.51, -46.56, -45.64, -45.54, -46.26, -45.73, -45.56, -45.99, -46.20, -46.15, -45.54, -45.17, -45.75, -44.70, -45.59, -44.42, -45.61, -45.61, -43.88, -44.24, -44.25, -42.92, -42.07, -40.07, -40.02, -39.03, -40.00, -39.47, -40.39, -40.96, -40.91, -41.00, -43.47, -44.93, -44.30, -45.28, -45.50, -45.45, -45.19, -45.85, -46.88, -46.28, -46.00, -46.64, -46.89, -46.03, -45.44, -45.72, -46.93, -46.89, -46.54, -46.07, -46.22, -46.46, -46.84, -45.36, -45.56, -45.71, -44.31, -44.22, -43.21, -42.26, -41.97, -43.52, -43.56, -43.62, -44.10, -44.31, -44.73, -45.37, -45.54, -45.62, -45.65, -46.82, -45.79, -46.38, -46.13, -46.70, -45.77, -46.09, -46.51, -47.31, -46.62, -46.00, -47.14, -46.46, -46.17, -46.52, -46.49, -44.92, -45.72, -46.16, -45.30, -44.72, -44.60, -45.86, -46.27, -45.96, -46.96, -45.92, -45.82, -47.04, -42.88, -46.30, -47.09, -47.21, -46.60, -47.17, -46.07, -46.37, -46.12, -46.18, -46.49, -47.68, -45.70, -46.09, -45.68, -45.85, -45.67, -45.57, -45.61, -46.08, -45.71, -46.97, -46.35, -46.31, -47.61, -45.89, -46.66, -46.63, -46.18, -46.21, -46.87, -46.82, -46.70, -46.09, -44.22, -41.56, -39.89, -39.50, -38.34, -34.72, -33.82, -31.04, -32.16, -33.29, -32.40, -34.14, -35.68, -35.20, -35.45, -38.59, -40.61, -42.37, -40.50, -44.34, -45.89, -46.00, -46.44, -46.22, -46.00, -46.54, -46.29, -46.16, -46.98, -46.63, -46.34, -46.84, -46.88, -46.19, -45.08, -45.75, -45.91, -44.39, -44.96, -44.74, -43.84, -45.30, -44.87, -44.92, -44.92, -45.04, -45.33, -45.94, -46.33, -46.20, -46.70, -46.31, -45.87, -45.62, -45.33, -46.35, -45.24, -45.42, -45.84, -45.77, -45.24, -45.69, -46.30, -46.62, -46.80, -46.59, -45.98, -46.31, -47.72, -47.28, -47.78, -46.78, -46.81, -46.98, -46.62, -46.41, -46.46, -46.52, -47.23, -48.01, -47.04, -45.61, -45.89, -43.78, -41.89, -41.89
2026-10-01, 16:50:51, 103557182, 105776148, 5425.35, 96, -47.60, -47.26, -47.97, -47.41, -47.70, -48.34, -47.99, -48.23, -47.41, -47.97, -47.94, -47.65, -47.18, -47.43, -46.98, -42.93, -43.71, -43.71, -44.77, -43.13, -41.50, -42.11, -41.82, -41.35, -40.76, -40.26, -38.68, -37.69, -37.89, -37.90, -38.98, -38.98, -40.76, -41.24, -41.63, -42.22, -43.59, -44.51, -44.71, -44.59, -46.42, -46.26, -47.14, -46.43, -47.46, -47.05, -47.08, -45.97, -46.26, -46.97, -46.88, -46.92, -46.03, -47.16, -46.87, -46.52, -46.65, -47.71, -47.02, -46.67, -47.55, -46.36, -47.19, -47.95, -46.56, -48.31, -47.05, -46.97, -47.64, -47.09, -46.62, -47.49, -46.92, -47.50, -47.04, -47.38, -47.35, -46.63, -46.84, -47.35, -47.02, -46.95, -47.62, -47.42, -47.91, -47.77, -46.65, -47.34, -47.61, -48.31, -46.78, -46.12, -47.05, -46.55, -46.46, -46.35, -47.36, -47.05, -47.11, -47.17, -45.66, -46.23, -45.49, -45.97, -46.28, -46.71, -45.56, -46.76, -47.93, -46.40, -46.83, -46.98, -47.25, -46.71, -48.45, -46.61, -46.94, -46.41, -46.98, -47.02, -47.21, -46.51, -46.65, -46.85, -46.74, -47.31, -46.30, -46.80, -46.53, -45.66, -46.78, -45.97, -46.57, -45.76, -46.12, -46.53, -46.37, -46.10, -46.54, -46.64, -46.44, -46.34, -46.79, -46.43, -46.84, -46.03, -45.40, -45.95, -46.08, -46.17, -46.65, -47.10, -46.66, -46.12, -46.55, -46.52, -46.22, -46.65, -47.29, -46.61, -45.97, -45.70, -46.20, -46.98, -46.36, -46.21, -46.72, -45.76, -45.43, -46.06, -46.37, -46.46, -46.03, -46.53, -44.73, -40.67, -40.21, -39.20, -39.76, -40.13, -39.53, -40.05, -39.23, -40.25, -39.76, -39.89, -40.31, -40.17, -40.21, -40.50, -42.44, -44.56, -44.71, -45.43, -44.96, -44.43, -44.45, -43.08, -42.27, -42.67, -40.84, -39.91, -39.76, -35.89, -32.35, -26.98, -26.98, -23.81, -24.15, -21.15, -19.36, -19.71, -22.02, -23.36, -25.52, -26.82, -27.77, -30.01, -30.35, -29.77, -32.77, -35.58, -38.71, -40.65, -41.96, -42.96, -43.71, -43.99, -44.45, -44.40, -44.10, -44.24, -43.65, -40.54, -39.90, -39.38, -40.36, -39.71, -40.43, -40.63, -39.48, -40.04, -39.80, -39.93, -41.43, -39.93, -40.21, -40.66, -43.54, -45.41, -45.82, -46.17, -45.87, -47.25, -46.02, -46.35, -46.59, -45.91, -46.95, -46.84, -46.38, -47.54, -46.75, -46.77, -47.41, -47.33, -46.13, -47.16, -45.88, -45.89, -46.80, -47.09, -46.25, -47.12, -46.44, -47.27, -46.05, -46.65, -46.33, -45.83, -46.65, -47.00, -46.66, -47.35, -47.32, -47.91, -46.59, -46.83, -46.34, -47.09, -47.06, -46.07, -46.96, -45.87, -46.25, -46.72, -46.79, -46.96, -47.09, -47.19, -47.15, -47.21, -47.11, -46.62, -47.31, -46.79, -46.62, -47.30, -46.45, -48.07, -47.40, -47.51, -46.48, -46.88, -47.19, -47.12, -47.27, -47.02, -47.84, -47.48, -47.31, -47.31, -47.50, -47.74, -47.11, -47.32, -47.72, -48.06, -47.52, -47.68, -47.18, -47.36, -47.31, -47.94, -47.96, -48.44, -47.77, -46.95, -48.12, -47.84, -47.11, -47.65, -48.27, -47.97, -47.37, -48.86, -47.73, -47.14, -47.56, -46.12, -47.00, -46.56, -45.76, -45.28, -44.28, -43.04, -44.09, -43.67, -42.20, -42.55, -42.14, -40.31, -42.14, -42.43, -44.41, -45.43, -46.81, -47.87, -46.59, -46.96, -47.61, -47.50, -47.43, -47.83, -47.43, -47.57, -47.66, -47.46, -48.00, -47.91, -47.52, -48.10, -47.53, -48.40, -47.69, -48.35, -47.98, -47.62, -48.49, -48.16, -47.44, -48.04, -47.67, -47.25, -49.20, -49.14, -48.55, -47.77, -47.74, -47.47, -49.38, -48.65, -48.79, -48.68, -47.41, -47.25, -47.50, -47.65, -48.29, -48.42, -48.42
2026-10-01, 16:50:51, 105779404, 107998370, 5425.35, 96, -47.89, -49.13, -48.21, -49.16, -48.46, -47.74, -48.06, -48.65, -48.60, -48.78, -48.01, -48.42, -47.46, -48.17, -47.53, -47.94, -47.71, -47.91, -48.30, -47.83, -48.23, -48.07, -48.12, -47.65, -47.88, -47.53, -47.81, -47.74, -47.40, -47.15, -48.05, -47.15, -47.88, -47.54, -47.76, -47.91, -46.73, -46.66, -45.59, -46.54, -47.00, -48.07, -46.88, -47.17, -46.46, -47.34, -46.87, -46.62, -47.03, -47.04, -47.05, -46.59, -46.83, -47.78, -46.78, -47.10, -47.18, -46.91, -46.56, -47.30, -46.85, -46.93, -46.75, -46.38, -47.31, -46.79, -47.20, -47.55, -46.74, -47.08, -47.02, -47.60, -47.20, -47.69, -45.89, -46.67, -47.98, -46.61, -47.11, -46.91, -47.15, -47.93, -46.68, -47.27, -47.59, -46.85, -47.60, -44.36, -46.66, -46.44, -47.09, -46.78, -47.40, -46.97, -47.03, -46.26, -46.40, -46.91, -47.07, -46.65, -46.74, -46.66, -46.93, -47.21, -46.68, -47.26, -47.01, -47.66, -46.94, -46.79, -46.80, -47.56, -47.51, -47.04, -47.19, -47.00, -47.04, -47.26, -46.42, -46.71, -46.82, -46.75, -47.00, -46.15, -46.35, -46.73, -47.23, -46.38, -46.06, -46.43, -47.17, -46.37, -46.94, -46.70, -46.91, -46.48, -47.02, -46.79, -47.95, -46.93, -46.38, -46.96, -47.15, -47.28, -46.58, -46.95, -47.22, -46.25, -46.09, -47.16, -46.37, -46.06, -46.32, -46.90, -46.68, -46.32, -47.05, -47.13, -46.06, -46.03, -47.14, -46.28, -46.83, -46.73, -46.51, -46.42, -46.35, -46.24, -46.08, -45.11, -45.33, -40.87, -40.86, -40.47, -40.87, -40.89, -40.61, -40.68, -41.02, -40.38, -40.35, -41.47, -39.90, -41.35, -44.73, -45.08, -44.50, -44.88, -43.70, -43.40, -43.49, -40.61, -40.15, -37.75, -35.72, -33.84, -33.89, -32.62, -29.20, -29.42, -27.83, -26.52, -24.82, -27.33, -25.54, -23.85, -23.85, -23.47, -23.59, -23.19, -21.92, -23.24, -24.68, -25.45, -27.06, -28.17, -30.12, -31.81, -34.44, -36.35, -36.35, -40.35, -41.04, -42.78, -42.73, -43.42, -44.14, -44.19, -45.65, -45.15, -45.42, -40.76, -39.91, -39.75, -39.31, -39.97, -39.96, -39.46, -39.38, -39.94, -39.46, -40.36, -40.00, -39.60, -44.46, -46.04, -46.03, -46.67, -47.23, -46.96, -47.68, -46.81, -46.12, -47.64, -46.96, -47.47, -46.80, -47.05, -47.47, -46.98, -47.06, -47.70, -47.43, -47.77, -47.17, -46.96, -46.53, -47.30, -47.54, -46.29, -46.42, -47.00, -46.05, -45.57, -45.66, -46.08, -44.97, -44.33, -44.09, -44.76, -43.35, -42.19, -43.90, -44.95, -45.74, -45.84, -46.63, -47.22, -46.11, -46.67, -47.31, -47.13, -46.72, -46.63, -46.49, -47.96, -47.20, -46.45, -47.17, -47.18, -48.37, -47.71, -48.44, -47.41, -47.10, -48.17, -47.00, -47.72, -48.28, -47.63, -47.72, -47.04, -47.59, -47.41, -47.49, -46.62, -47.74, -46.38, -46.81, -46.71, -46.75, -41.17, -47.40, -47.37, -46.84, -46.91, -47.81, -47.33, -47.24, -47.19, -46.96, -46.50, -47.33, -46.76, -47.00, -45.80, -45.76, -44.94, -43.33, -42.32, -41.41, -38.92, -36.88, -35.75, -34.98, -34.53, -34.20, -32.95, -32.06, -32.46, -31.29, -31.10, -30.14, -27.73, -28.12, -27.21, -28.70, -31.10, -32.10, -32.52, -33.10, -33.64, -36.09, -36.37, -37.33, -38.33, -40.56, -41.39, -43.13, -44.25, -45.28, -45.05, -46.21, -46.38, -47.28, -47.28, -46.73, -46.93, -46.74, -47.27, -46.47, -46.82, -47.58, -47.83, -47.13, -47.40, -48.07, -47.73, -47.79, -47.66, -47.90, -46.85, -47.52, -48.59, -48.38, -48.74, -47.88, -47.57, -48.72, -47.92, -47.87, -47.98, -48.15, -47.86, -47.70, -48.09, -47.34, -47.47, -48.89, -47.62, -47.62
2026-10-01, 16:50:53, 88001628, 90220594, 5425.35, 96, -47.29, -47.49, -47.07, -47.21, -47.82, -47.63, -47.77, -46.70, -47.87, -47.89, -48.83, -46.89, -47.61, -47.14, -47.29, -46.48, -45.81, -47.02, -47.77, -48.07, -47.05, -47.39, -47.06, -47.47, -46.28, -46.33, -46.73, -47.31, -46.31, -46.28, -46.65, -44.58, -45.78, -45.32, -46.55, -45.16, -45.33, -45.08, -43.72, -38.72, -43.26, -44.21, -44.88, -45.17, -46.69, -45.53, -46.11, -45.40, -44.93, -45.04, -46.51, -45.90, -46.54, -46.70, -46.49, -45.81, -45.84, -46.10, -46.23, -40.63, -45.67, -46.53, -46.80, -46.38, -46.18, -46.77, -45.87, -46.21, -46.15, -47.30, -46.36, -47.05, -46.02, -47.07, -46.23, -46.22, -47.15, -46.39, -46.22, -46.12, -46.75, -45.72, -46.98, -46.67, -45.41, -46.72, -45.44, -44.59, -44.17, -44.86, -44.08, -44.41, -43.92, -45.21, -44.54, -45.45, -44.84, -45.35, -45.41, -46.42, -45.92, -46.31, -46.66, -45.46, -45.30, -46.56, -45.82, -45.54, -46.26, -46.40, -46.43, -46.68, -46.35, -46.09, -45.58, -46.74, -45.50, -45.56, -44.54, -44.31, -42.88, -37.25, -43.23, -43.22, -44.63, -45.23, -44.91, -45.19, -45.84, -43.71, -41.15, -46.94, -46.03, -46.55, -46.61, -46.80, -46.42, -46.16, -46.79, -46.83, -47.43, -46.33, -46.40, -46.94, -47.33, -46.20, -46.72, -45.91, -46.86, -46.61, -46.28, -46.47, -47.21, -46.91, -46.58, -46.33, -46.75, -45.97, -45.99, -45.51, -46.30, -45.82, -46.19, -46.14, -45.24, -45.38, -44.48, -44.17, -45.62, -45.81, -45.40, -45.96, -45.54, -46.45, -45.94, -46.08, -45.78, -45.59, -46.18, -46.04, -45.66, -47.30, -45.81, -45.99, -45.83, -45.28, -46.44, -47.19, -46.03, -47.00, -46.98, -46.67, -45.82, -46.62, -46.97, -46.32, -45.89, -45.79, -46.44, -45.86, -41.78, -40.83, -44.89, -44.62, -45.82, -46.59, -46.59, -46.25, -46.13, -46.71, -46.38, -45.67, -44.21, -46.30, -47.28, -45.71, -45.87, -46.17, -46.41, -45.83, -46.44, -46.23, -46.82, -46.69, -45.64, -47.29, -46.12, -45.89, -46.56, -45.69, -45.99, -45.96, -46.31, -45.66, -47.12, -46.52, -46.06, -46.32, -46.43, -46.81, -46.91, -45.27, -45.81, -46.52, -47.00, -46.47, -47.63, -46.72, -46.31, -46.31, -46.62, -46.63, -45.72, -46.30, -46.46, -47.00, -46.56, -46.25, -46.56, -46.34, -46.52, -46.46, -46.84, -46.54, -46.95, -47.00, -46.64, -46.58, -47.44, -47.93, -46.42, -43.64, -44.69, -46.34, -46.77, -46.55, -46.62, -46.22, -46.31, -46.93, -46.24, -46.75, -45.62, -46.91, -46.91, -46.56, -47.39, -46.53, -46.43, -46.08, -46.41, -46.51, -46.65, -47.04, -46.10, -46.41, -46.71, -46.72, -46.41, -46.40, -44.51, -43.86, -44.02, -42.31, -42.20, -40.54, -39.36, -39.61, -38.95, -37.44, -38.05, -36.42, -34.97, -35.66, -35.84, -36.98, -36.53, -35.44, -37.45, -37.25, -36.81, -37.80, -37.80, -36.86, -38.56, -41.54, -43.23, -44.74, -45.54, -45.92, -46.55, -46.18, -46.17, -46.73, -47.05, -46.95, -47.18, -46.63, -47.22, -47.14, -47.19, -46.64, -42.63, -46.37, -46.27, -47.29, -46.49, -47.08, -46.14, -47.40, -46.36, -47.04, -46.82, -46.15, -46.09, -47.00, -46.36, -46.26, -45.84, -46.92, -45.90, -46.09, -45.47, -46.30, -47.01, -46.34, -46.82, -46.91, -46.41, -45.96, -46.65, -46.59, -47.35, -46.43, -46.77, -47.38, -46.68, -46.65, -46.59, -46.05, -47.66, -47.02, -47.41, -47.22, -46.36, -47.41, -47.66, -47.11, -46.43, -46.95, -46.33, -46.48, -45.89, -46.48, -47.31, -47.35, -47.56, -46.92, -47.81, -47.39, -47.16, -47.95, -47.87, -47.88, -48.58, -47.64, -48.13, -47.61, -48.15, -47.66, -47.66
2026-10-01, 16:50:53, 90223850, 92442816, 5425.35, 96, -47.49, -47.46, -45.49, -43.01, -45.13, -43.93, -44.30, -43.85, -43.86, -43.60, -43.09, -40.24, -38.89, -38.46, -35.55, -36.88, -41.46, -41.94, -41.19, -42.52, -44.24, -43.84, -42.76, -44.85, -44.81, -46.11, -46.34, -46.74, -46.45, -46.58, -46.15, -46.81, -46.91, -47.65, -46.86, -46.90, -47.17, -46.52, -46.78, -45.81, -46.19, -46.59, -47.42, -46.65, -46.03, -46.79, -46.63, -45.34, -45.85, -46.04, -46.24, -45.65, -45.49, -46.92, -46.07, -46.29, -46.16, -46.09, -45.30, -45.93, -45.32, -45.89, -45.45, -46.28, -46.39, -44.99, -44.90, -44.95, -44.41, -44.45, -44.78, -43.54, -44.09, -42.76, -40.24, -42.10, -40.21, -36.93, -32.64, -30.84, -30.08, -28.62, -28.15, -26.75, -24.47, -23.37, -21.62, -20.02, -18.62, -18.62, -19.36, -21.62, -24.77, -26.30, -26.68, -29.91, -31.89, -33.94, -37.50, -37.25, -36.74, -38.33, -39.98, -40.96, -41.91, -43.76, -44.01, -43.82, -44.22, -44.82, -45.98, -45.99, -44.95, -45.42, -45.54, -45.84, -45.82, -45.75, -45.82, -45.40, -46.93, -45.82, -46.15, -46.17, -46.32, -46.00, -46.31, -46.36, -45.84, -46.80, -45.94, -45.79, -46.02, -46.46, -45.99, -46.23, -46.10, -45.31, -47.20, -46.41, -46.47, -46.27, -46.17, -46.10, -46.08, -41.35, -46.27, -46.41, -47.21, -46.02, -45.55, -46.45, -46.37, -46.46, -46.61, -46.57, -46.37, -45.90, -46.62, -46.52, -46.72, -46.21, -46.07, -46.21, -45.70, -45.94, -45.14, -46.15, -45.78, -46.39, -45.77, -46.64, -45.24, -45.61, -45.43, -46.20, -45.91, -46.27, -45.95, -46.45, -45.56, -45.63, -46.25, -46.93, -45.42, -46.06, -45.70, -45.61, -46.44, -45.66, -45.93, -44.98, -45.11, -44.16, -44.54, -40.91, -40.80, -41.24, -41.12, -39.06, -38.77, -38.66, -40.77, -40.99, -42.90, -44.84, -44.84, -45.32, -44.71, -45.67, -46.13, -46.44, -46.13, -45.64, -45.51, -44.98, -40.11, -45.60, -44.99, -46.15, -45.88, -45.98, -46.37, -46.74, -46.58, -45.13, -46.73, -46.02, -45.98, -45.46, -45.87, -46.46, -45.59, -47.09, -46.45, -47.12, -45.12, -46.01, -46.25, -46.98, -45.96, -46.02, -46.17, -45.56, -46.43, -45.76, -45.61, -45.95, -45.76, -46.42, -45.33, -45.43, -45.47, -45.11, -44.44, -45.85, -45.66, -46.21, -45.75, -46.54, -46.38, -46.76, -46.35, -46.99, -46.49, -46.40, -46.18, -45.86, -47.16, -46.28, -46.61, -45.69, -46.50, -46.37, -46.09, -46.08, -46.40, -46.00, -46.67, -46.16, -45.84, -46.23, -46.03, -45.61, -45.83, -45.20, -41.61, -39.53, -45.68, -45.85, -45.75, -45.80, -46.76, -45.96, -45.76, -45.68, -46.34, -46.07, -46.22, -46.07, -46.01, -46.33, -46.39, -45.64, -46.29, -45.80, -45.45, -45.50, -46.89, -46.41, -46.18, -46.14, -47.40, -46.23, -47.41, -45.97, -46.41, -45.69, -46.23, -47.11, -46.25, -47.00, -46.91, -46.59, -46.53, -46.99, -46.33, -46.68, -46.27, -46.70, -46.02, -47.55, -47.06, -45.69, -45.69, -47.02, -46.81, -45.89, -45.92, -45.75, -46.18, -45.70, -45.56, -45.96, -45.94, -45.54, -43.12, -45.01, -45.85, -45.94, -46.42, -45.73, -45.88, -45.73, -45.73, -46.26, -45.54, -38.57, -42.04, -45.38, -46.08, -47.18, -46.25, -46.05, -45.80, -45.77, -45.76, -46.32, -46.43, -46.09, -46.93, -46.98, -47.00, -45.91, -46.05, -46.24, -46.41, -46.48, -46.28, -45.93, -46.00, -45.15, -44.38, -44.11, -44.92, -45.26, -44.93, -45.94, -46.60, -46.19, -45.92, -46.38, -46.67, -46.45, -47.18, -47.28, -47.26, -47.16, -47.53, -48.23, -47.05, -47.70, -46.70, -47.74, -48.01, -47.37, -47.92, -47.99, -47.93, -47.97, -47.97
2026-10-01, 16:50:53, 92446072, 94665038, 5425.35, 96, -47.03, -46.44, -45.08, -45.87, -46.74, -47.63, -47.12, -47.10, -47.40, -46.87, -45.91, -47.26, -46.91, -47.60, -46.51, -47.07, -47.05, -45.64, -41.93, -41.02, -45.58, -46.72, -46.14, -46.11, -45.79, -45.25, -46.59, -46.22, -46.42, -46.88, -46.16, -46.82, -45.99, -46.58, -46.06, -45.98, -46.17, -46.83, -46.49, -45.63, -46.10, -46.65, -45.58, -44.81, -46.65, -43.96, -44.42, -45.00, -44.71, -45.24, -44.98, -45.45, -45.97, -47.42, -45.81, -46.41, -45.92, -46.06, -46.17, -45.43, -47.18, -45.83, -46.80, -45.95, -45.93, -46.90, -46.23, -47.62, -46.35, -46.14, -46.31, -46.96, -46.25, -47.67, -45.75, -46.28, -46.62, -45.58, -46.31, -46.36, -46.50, -46.49, -47.13, -46.24, -46.47, -46.64, -47.11, -45.85, -45.63, -40.11, -43.82, -46.19, -45.75, -46.75, -46.18, -46.79, -46.87, -46.98, -46.39, -45.88, -46.01, -46.09, -45.71, -46.58, -46.16, -45.81, -45.81, -46.78, -46.04, -47.65, -46.74, -47.19, -46.52, -46.16, -46.33, -47.43, -46.12, -46.12, -46.16, -46.43, -46.72, -46.72, -45.71, -46.05, -46.55, -46.57, -45.67, -46.37, -45.99, -45.88, -45.93, -45.70, -45.52, -46.33, -46.24, -46.38, -46.34, -46.26, -47.50, -46.83, -46.11, -46.11, -47.07, -47.42, -46.35, -46.32, -46.32, -46.47, -46.32, -46.61, -46.23, -45.95, -46.42, -46.70, -46.30, -45.94, -46.20, -46.02, -46.59, -46.36, -40.34, -46.12, -46.36, -46.50, -46.25, -46.16, -45.58, -46.83, -45.75, -46.15, -46.87, -46.24, -45.71, -46.17, -46.40, -46.06, -46.28, -45.90, -45.98, -45.88, -46.45, -45.55, -46.46, -45.77, -46.67, -45.82, -47.23, -46.49, -46.42, -46.93, -46.27, -46.77, -46.84, -46.05, -46.49, -46.08, -45.84, -47.15, -46.89, -45.62, -47.25, -47.24, -46.55, -46.26, -45.73, -47.25, -47.25, -47.36, -45.91, -46.74, -46.11, -46.73, -46.93, -46.43, -46.48, -47.35, -44.96, -45.85, -45.45, -45.60, -45.24, -44.43, -43.13, -42.02, -42.56, -42.62, -40.92, -42.35, -39.89, -40.07, -40.35, -38.10, -38.98, -38.19, -37.38, -37.39, -37.96, -37.49, -38.26, -38.50, -39.91, -41.94, -42.48, -44.49, -45.04, -45.45, -46.22, -46.23, -46.50, -46.07, -46.20, -46.32, -47.43, -45.29, -47.43, -46.32, -45.56, -46.55, -46.50, -47.26, -47.71, -46.93, -47.06, -47.43, -47.12, -47.36, -46.75, -46.81, -47.06, -46.46, -47.06, -48.00, -47.88, -46.56, -47.17, -46.94, -47.12, -46.65, -47.67, -46.81, -47.09, -46.48, -46.98, -45.93, -46.71, -47.41, -47.69, -46.60, -46.59, -47.57, -47.05, -47.44, -47.14, -46.49, -47.13, -47.02, -47.59, -47.18, -47.77, -47.06, -48.11, -44.57, -46.15, -46.98, -46.53, -47.41, -46.72, -47.27, -46.72, -47.59, -47.03, -48.04, -47.94, -47.26, -47.59, -47.63, -47.02, -47.54, -47.47, -47.52, -46.50, -47.18, -47.82, -47.98, -46.93, -47.20, -47.42, -47.70, -47.76, -47.92, -47.37, -47.92, -47.70, -47.11, -48.08, -47.02, -47.53, -47.93, -47.19, -47.01, -47.63, -47.50, -47.56, -47.21, -47.14, -47.39, -47.93, -46.85, -47.49, -47.61, -47.18, -46.86, -47.14, -46.49, -46.94, -48.01, -47.46, -47.46, -47.81, -47.84, -47.59, -46.88, -47.22, -47.33, -47.17, -46.62, -47.22, -46.04, -47.20, -45.55, -43.89, -43.77, -39.52, -42.01, -41.86, -40.30, -41.40, -38.72, -37.19, -29.30, -35.40, -38.52, -38.69, -38.77, -41.39, -42.07, -42.89, -45.95, -46.87, -46.96, -46.70, -48.64, -46.82, -47.70, -47.84, -47.83, -48.26, -47.53, -48.75, -48.52, -48.93, -47.87, -47.96, -47.82, -47.33, -48.47, -48.14, -48.20, -48.62, -48.03, -48.03
2026-10-01, 16:50:53, 94668294, 96887260, 5425.35, 96, -48.64, -48.00, -47.72, -48.63, -48.36, -47.87, -47.98, -47.52, -48.52, -48.01, -47.54, -47.33, -48.03, -47.30, -47.81, -48.22, -48.32, -47.25, -47.67, -47.10, -47.45, -47.44, -47.59, -47.56, -46.73, -46.49, -46.74, -46.79, -46.92, -46.95, -47.45, -46.70, -46.47, -42.65, -43.41, -46.57, -47.25, -47.07, -46.21, -45.91, -46.12, -47.39, -45.86, -46.15, -46.72, -46.65, -46.53, -46.54, -45.65, -45.94, -46.21, -45.69, -45.93, -46.40, -46.84, -45.65, -46.76, -46.26, -46.59, -48.29, -46.61, -46.09, -46.70, -46.65, -47.34, -47.13, -46.71, -47.51, -46.92, -46.06, -47.24, -47.16, -47.22, -46.81, -47.03, -47.94, -47.03, -46.94, -46.86, -47.29, -47.43, -47.04, -46.44, -47.19, -46.97, -47.35, -47.45, -46.86, -47.49, -47.13, -47.02, -47.41, -46.56, -47.06, -46.60, -47.00, -46.36, -47.38, -47.53, -47.09, -46.51, -47.20, -46.94, -46.11, -38.20, -44.66, -46.05, -46.75, -47.06, -46.53, -46.91, -46.62, -46.39, -47.07, -47.12, -46.95, -47.01, -47.45, -47.52, -47.47, -47.24, -46.98, -47.15, -46.70, -47.62, -46.92, -46.98, -47.04, -46.43, -47.11, -47.68, -46.58, -47.64, -47.24, -46.92, -47.27, -47.66, -46.88, -47.15, -47.25, -48.46, -47.91, -46.87, -46.74, -46.84, -46.39, -46.79, -46.59, -46.23, -46.52, -46.51, -46.79, -45.65, -46.02, -46.29, -45.99, -46.43, -47.46, -45.92, -46.36, -45.91, -45.90, -46.01, -45.81, -45.97, -46.94, -46.77, -46.40, -46.65, -46.71, -46.81, -47.17, -46.97, -46.66, -46.10, -39.56, -46.15, -46.38, -46.13, -46.59, -47.26, -46.54, -47.06, -46.51, -45.60, -45.94, -45.59, -45.62, -44.51, -44.69, -44.66, -44.14, -44.06, -44.17, -45.18, -44.50, -44.90, -45.98, -44.81, -45.92, -45.25, -46.35, -45.31, -45.55, -46.10, -46.82, -46.82, -47.19, -47.05, -46.78, -47.50, -47.30, -46.18, -47.14, -46.87, -45.97, -46.77, -45.96, -45.63, -46.70, -46.15, -45.14, -45.75, -45.75, -47.08, -45.93, -46.43, -47.09, -46.86, -46.71, -46.62, -46.79, -46.81, -46.80, -47.66, -47.03, -47.54, -46.40, -46.94, -47.86, -47.08, -46.89, -47.12, -47.13, -46.38, -45.10, -38.66, -43.47, -46.51, -46.71, -47.33, -46.59, -47.16, -46.26, -46.39, -47.31, -46.30, -47.24, -45.99, -45.51, -46.43, -46.11, -46.45, -46.55, -46.05, -46.16, -45.44, -46.27, -46.40, -46.36, -46.89, -46.64, -46.04, -46.38, -47.37, -47.51, -46.36, -47.30, -47.31, -46.45, -47.05, -47.62, -47.30, -47.64, -47.78, -47.82, -47.43, -48.18, -47.61, -46.82, -46.45, -46.76, -45.07, -47.24, -47.13, -47.44, -47.52, -47.28, -47.46, -47.91, -47.81, -46.87, -47.49, -47.30, -47.38, -46.50, -46.92, -47.23, -47.05, -48.10, -47.72, -47.07, -47.02, -47.03, -47.12, -46.82, -43.94, -42.72, -47.73, -46.54, -47.28, -47.59, -47.54, -46.85, -47.29, -46.73, -44.47, -42.54, -43.46, -43.46, -43.93, -44.85, -43.70, -44.73, -44.59, -43.92, -43.39, -43.01, -42.34, -41.98, -41.22, -42.76, -41.81, -41.64, -42.40, -42.15, -41.48, -42.57, -42.93, -43.55, -44.42, -44.89, -46.38, -46.47, -46.35, -46.94, -46.07, -47.63, -47.18, -48.00, -48.04, -47.18, -46.43, -46.22, -47.32, -47.07, -46.50, -47.18, -46.49, -47.68, -46.68, -46.80, -47.59, -47.04, -47.71, -47.35, -47.78, -47.58, -47.23, -47.67, -48.08, -47.77, -47.88, -46.91, -48.02, -47.91, -47.95, -44.21, -47.09, -48.19, -47.88, -47.62, -47.64, -48.02, -48.00, -48.01, -49.47, -48.12, -48.37, -48.91, -48.46, -47.94, -48.73, -48.48, -48.05, -47.94, -48.43, -48.72, -48.11, -47.26, -47.26
2026-10-01, 16:50:53, 96890516, 99109482, 5425.35, 96, -49.69, -48.65, -48.28, -48.81, -48.87, -48.39, -48.37, -48.98, -48.53, -48.29, -48.52, -48.62, -49.84, -48.07, -48.11, -48.79, -48.21, -47.75, -47.97, -48.16, -48.03, -48.19, -48.11, -48.35, -47.51, -48.12, -48.48, -47.83, -48.39, -48.37, -47.17, -47.47, -48.23, -47.45, -47.62, -48.24, -47.93, -47.54, -48.37, -47.53, -47.20, -47.28, -47.90, -47.19, -47.66, -46.85, -46.43, -46.98, -44.47, -44.56, -47.60, -47.13, -47.06, -47.31, -47.40, -47.83, -47.50, -47.52, -47.69, -47.96, -47.28, -46.14, -45.60, -43.40, -42.26, -42.53, -42.10, -41.44, -41.86, -41.86, -41.63, -42.33, -41.59, -43.14, -42.72, -42.33, -43.19, -43.00, -43.98, -43.58, -43.52, -43.32, -42.61, -43.47, -43.62, -43.54, -43.87, -44.19, -45.06, -46.79, -46.91, -47.50, -47.45, -47.18, -48.08, -47.45, -47.86, -47.23, -47.83, -47.76, -47.17, -46.49, -47.72, -47.05, -47.09, -47.77, -47.46, -47.75, -47.73, -47.51, -47.55, -47.54, -46.60, -46.72, -47.52, -48.14, -47.14, -47.35, -47.01, -44.57, -46.99, -47.25, -47.33, -47.31, -48.04, -47.38, -47.87, -47.47, -47.67, -48.04, -46.72, -47.59, -47.76, -47.09, -47.57, -47.55, -47.65, -47.61, -48.05, -47.93, -48.03, -46.77, -47.08, -47.05, -47.33, -46.16, -46.39, -45.06, -43.48, -41.18, -41.30, -43.29, -45.16, -46.26, -45.87, -46.70, -46.89, -47.21, -47.05, -46.08, -47.51, -47.45, -47.34, -47.48, -47.50, -47.60, -48.21, -48.40, -47.68, -47.75, -47.62, -47.78, -47.83, -47.82, -47.47, -47.79, -47.02, -47.82, -46.89, -46.94, -47.16, -46.91, -47.62, -46.75, -47.78, -47.25, -47.31, -48.32, -47.87, -46.85, -42.18, -47.24, -47.96, -47.39, -47.72, -47.44, -48.04, -46.98, -46.94, -47.91, -47.06, -47.86, -47.07, -47.15, -47.94, -47.81, -47.81, -47.92, -46.89, -48.11, -48.23, -48.01, -47.17, -48.32, -47.25, -47.80, -47.60, -46.90, -47.96, -47.76, -47.70, -47.84, -48.08, -47.75, -47.78, -48.48, -46.69, -47.69, -47.75, -47.24, -46.73, -47.71, -47.56, -47.32, -47.39, -47.49, -47.35, -47.91, -47.45, -48.20, -47.38, -47.65, -47.60, -46.93, -46.62, -47.86, -47.15, -47.49, -47.81, -47.22, -47.07, -47.33, -46.22, -47.73, -47.44, -46.92, -46.95, -46.92, -46.41, -46.67, -42.52, -32.42, -44.85, -45.38, -46.52, -47.55, -47.02, -47.01, -46.91, -47.34, -47.39, -48.07, -48.19, -46.54, -47.63, -47.85, -46.97, -47.96, -47.23, -46.58, -47.57, -46.76, -47.69, -47.96, -47.35, -47.02, -47.76, -47.42, -46.86, -47.82, -47.11, -48.02, -47.22, -47.70, -47.54, -47.36, -45.32, -47.17, -46.74, -46.85, -46.24, -45.60, -46.28, -45.48, -46.03, -45.49, -46.07, -45.61, -45.88, -46.54, -45.49, -45.94, -45.68, -45.93, -46.99, -46.65, -46.60, -47.13, -46.83, -46.75, -46.85, -44.75, -44.12, -42.06, -42.13, -39.94, -34.82, -34.90, -35.66, -34.97, -35.62, -36.76, -35.22, -33.94, -34.66, -35.51, -34.06, -35.63, -35.49, -37.71, -36.18, -36.68, -39.74, -40.22, -41.72, -42.20, -44.56, -44.83, -45.78, -46.25, -46.69, -47.14, -47.10, -46.87, -47.44, -46.94, -45.72, -45.80, -45.39, -46.28, -45.63, -45.68, -45.88, -45.23, -45.24, -46.71, -46.62, -46.66, -45.47, -46.01, -45.47, -46.37, -47.87, -47.71, -47.76, -46.97, -47.44, -46.91, -47.28, -47.22, -48.49, -47.40, -47.40, -47.41, -47.97, -47.27, -47.13, -47.65, -48.47, -46.95, -47.13, -48.22, -47.62, -47.51, -48.55, -47.69, -48.23, -48.83, -48.15, -48.16, -48.40, -47.60, -46.24, -46.84, -46.72, -47.88, -48.28, -48.04, -47.03, -47.86, -47.86
2026-10-01, 16:50:53, 99112738, 101331704, 5425.35, 96, -37.66, -43.76, -44.84, -45.07, -45.73, -46.60, -45.97, -46.26, -46.57, -47.02, -47.55, -46.90, -46.18, -45.94, -45.04, -45.68, -45.85, -45.67, -45.04, -44.40, -44.41, -44.92, -44.95, -44.65, -44.58, -44.74, -44.98, -46.48, -46.57, -46.20, -46.05, -46.10, -45.90, -46.04, -45.52, -45.43, -45.40, -46.64, -45.67, -44.58, -44.50, -44.83, -44.95, -46.02, -46.26, -46.42, -46.15, -45.94, -46.16, -46.15, -46.72, -46.05, -46.64, -46.77, -46.80, -46.04, -46.52, -45.93, -46.70, -45.68, -44.37, -44.01, -44.37, -43.12, -42.25, -44.16, -42.91, -41.25, -41.82, -42.20, -41.81, -40.19, -39.19, -40.43, -40.85, -40.94, -42.42, -43.62, -43.89, -41.80, -44.26, -44.22, -44.25, -45.26, -44.83, -45.53, -46.92, -47.00, -45.72, -46.50, -47.11, -46.19, -46.76, -46.59, -46.25, -46.45, -47.08, -46.57, -46.21, -45.98, -45.86, -46.27, -46.28, -46.16, -46.35, -45.80, -44.96, -45.74, -46.77, -46.43, -46.47, -46.85, -44.30, -46.69, -45.76, -46.55, -46.14, -46.51, -45.96, -45.49, -45.15, -44.81, -45.54, -44.37, -44.97, -45.63, -45.66, -46.05, -45.88, -45.54, -46.28, -45.59, -45.38, -46.52, -45.34, -44.29, -46.63, -46.22, -46.33, -47.00, -46.29, -46.88, -46.64, -45.23, -46.21, -45.32, -45.35, -44.59, -44.93, -45.99, -45.37, -45.86, -44.73, -44.13, -44.32, -44.65, -45.62, -46.21, -44.47, -45.85, -47.00, -46.05, -46.00, -45.66, -45.44, -43.77, -46.79, -46.87, -46.08, -46.47, -45.04, -45.85, -45.84, -46.85, -46.07, -45.40, -45.75, -45.21, -46.12, -45.75, -46.16, -45.72, -45.97, -45.43, -46.02, -45.21, -45.28, -45.85, -46.87, -46.03, -46.84, -46.54, -46.14, -46.21, -46.13, -45.64, -45.98, -45.96, -46.54, -45.80, -45.62, -45.09, -45.17, -43.92, -45.64, -45.86, -45.86, -45.27, -45.89, -46.30, -45.71, -46.25, -45.93, -46.34, -46.07, -46.63, -46.28, -46.17, -45.15, -45.22, -45.50, -45.96, -46.28, -45.70, -45.50, -46.56, -45.58, -46.26, -45.28, -45.90, -45.55, -45.97, -46.06, -46.23, -46.17, -45.49, -44.86, -45.92, -45.77, -45.54, -45.63, -46.09, -46.53, -45.78, -46.30, -46.56, -46.24, -46.73, -46.43, -46.48, -46.61, -46.22, -47.07, -46.51, -45.54, -45.29, -44.20, -45.08, -46.67, -45.32, -45.47, -45.81, -45.60, -45.92, -46.65, -46.34, -45.98, -46.07, -46.12, -46.41, -45.90, -45.49, -46.13, -47.08, -45.65, -46.85, -43.92, -46.09, -46.32, -45.40, -45.74, -45.59, -45.52, -44.69, -44.81, -44.13, -44.58, -44.55, -45.04, -45.27, -45.02, -45.63, -43.60, -44.52, -44.34, -45.74, -44.50, -46.19, -45.51, -45.02, -45.95, -45.87, -45.70, -45.22, -45.51, -45.21, -45.36, -45.30, -45.60, -45.30, -45.62, -45.49, -45.59, -45.42, -45.02, -44.80, -45.39, -44.55, -45.64, -44.74, -44.55, -44.86, -44.61, -44.47, -43.74, -44.09, -44.70, -43.56, -44.06, -42.82, -38.14, -33.02, -32.47, -33.01, -32.68, -32.00, -32.22, -31.52, -31.08, -31.08, -30.72, -31.10, -30.61, -33.84, -39.18, -40.18, -39.43, -39.06, -38.69, -39.01, -38.31, -37.23, -34.92, -33.55, -29.47, -28.04, -21.64, -21.11, -17.96, -19.97, -19.85, -17.31, -15.34, -15.37, -16.23, -16.11, -12.04, -11.12, -13.52, -13.83, -15.31, -17.13, -21.83, -18.94, -17.67, -18.05, -21.52, -21.96, -29.81, -31.78, -32.85, -34.81, -36.86, -38.03, -38.78, -38.84, -39.94, -40.00, -40.32, -40.21, -39.92, -34.11, -32.97, -33.84, -33.89, -34.14, -33.58, -33.91, -34.61, -35.05, -35.12, -34.90, -34.87, -35.47, -42.09, -43.77, -43.88, -43.63, -44.26, -44.89, -44.89
2026-10-01, 16:50:53, 101334960, 103553926, 5425.35, 96, -47.77, -46.96, -47.15, -46.99, -47.16, -47.90, -47.40, -46.19, -38.87, -46.87, -47.63, -48.19, -47.42, -47.08, -46.96, -47.30, -47.99, -46.66, -47.07, -46.80, -46.96, -47.07, -46.38, -46.99, -46.80, -46.80, -47.20, -46.21, -46.85, -47.11, -46.14, -46.18, -46.06, -45.18, -46.10, -45.35, -45.50, -45.96, -44.89, -44.55, -45.89, -46.03, -45.74, -45.53, -45.93, -46.67, -46.59, -46.18, -46.30, -45.99, -46.18, -46.00, -46.75, -46.03, -47.38, -45.78, -46.88, -46.50, -46.45, -46.09, -46.63, -47.91, -47.20, -46.75, -46.01, -47.20, -46.65, -46.35, -46.54, -47.68, -46.93, -46.26, -47.39, -47.23, -46.43, -46.80, -45.69, -45.76, -46.17, -44.92, -46.87, -46.84, -46.51, -46.43, -46.50, -47.14, -46.14, -45.59, -46.31, -45.76, -46.82, -46.90, -46.76, -47.00, -46.32, -46.49, -46.73, -46.42, -45.12, -46.76, -46.14, -46.48, -45.45, -46.64, -44.96, -45.53, -45.57, -45.96, -45.02, -45.17, -45.39, -46.11, -46.47, -45.56, -45.64, -45.80, -45.75, -45.53, -45.73, -46.23, -45.14, -45.14, -45.41, -46.19, -45.45, -46.56, -46.35, -46.38, -46.14, -46.70, -46.60, -46.70, -46.55, -46.61, -46.27, -47.49, -46.52, -47.13, -46.01, -46.72, -46.44, -45.43, -44.06, -45.16, -46.33, -45.85, -45.95, -46.26, -46.59, -45.45, -45.78, -46.03, -45.63, -45.85, -45.45, -46.11, -45.75, -45.60, -46.01, -45.02, -45.32, -45.61, -45.45, -45.40, -44.91, -45.58, -44.66, -44.59, -44.07, -44.74, -43.86, -45.17, -45.04, -45.26, -44.34, -45.62, -45.06, -45.04, -45.82, -45.30, -46.32, -45.60, -45.23, -44.97, -45.10, -45.42, -45.30, -45.61, -46.54, -45.71, -45.93, -45.70, -46.46, -45.81, -46.58, -46.12, -45.22, -46.67, -45.61, -45.32, -45.21, -44.65, -43.84, -43.03, -42.01, -43.39, -43.39, -42.75, -42.37, -41.79, -42.45, -42.04, -41.60, -42.67, -41.45, -42.21, -42.58, -42.00, -41.17, -42.46, -42.84, -43.29, -44.03, -43.87, -44.82, -43.79, -44.91, -44.36, -45.70, -46.42, -46.57, -46.66, -46.84, -46.25, -45.90, -46.08, -46.52, -46.83, -46.58, -46.24, -46.12, -46.85, -45.92, -46.12, -47.14, -45.88, -45.81, -44.09, -44.65, -44.93, -44.41, -42.56, -40.91, -44.20, -43.81, -44.04, -43.91, -45.34, -45.72, -45.46, -46.74, -46.33, -46.55, -46.14, -46.00, -46.08, -46.59, -46.40, -45.80, -46.80, -46.42, -46.40, -45.99, -46.21, -46.19, -46.26, -46.47, -46.36, -46.16, -46.69, -46.31, -46.13, -44.96, -46.22, -44.79, -45.83, -45.46, -46.04, -46.24, -45.99, -46.54, -43.08, -46.90, -46.18, -45.76, -46.91, -46.65, -46.69, -47.05, -46.09, -46.26, -45.86, -46.40, -45.62, -45.57, -46.61, -46.57, -45.95, -45.93, -45.84, -46.23, -46.07, -47.56, -46.57, -46.58, -46.11, -46.43, -45.91, -47.32, -46.54, -46.61, -45.97, -42.42, -42.86, -44.02, -41.81, -42.43, -40.60, -41.49, -34.92, -36.65, -35.24, -35.43, -30.80, -29.73, -34.36, -35.35, -34.47, -36.56, -36.35, -38.54, -40.14, -42.63, -43.65, -44.35, -45.44, -45.27, -45.52, -46.73, -46.43, -46.16, -46.08, -47.06, -45.62, -46.35, -46.20, -45.95, -46.25, -45.44, -45.28, -45.42, -45.76, -44.44, -45.74, -45.18, -44.19, -43.89, -44.20, -45.84, -44.51, -45.22, -46.56, -46.41, -46.69, -46.56, -46.67, -46.60, -46.97, -47.21, -46.28, -46.40, -46.61, -46.55, -44.25, -45.42, -45.73, -46.02, -45.62, -45.24, -46.10, -47.09, -46.47, -46.92, -47.10, -47.12, -47.09, -46.83, -47.29, -47.05, -45.94, -46.22, -46.71, -47.17, -46.19, -43.40, -44.01, -44.37, -43.20, -44.63, -41.81, -41.81
2026-10-01, 16:50:53, 103557182, 105776148, 5425.35, 96, -46.93, -47.96, -47.52, -47.98, -47.44, -47.76, -47.60, -47.81, -48.12, -47.23, -47.97, -47.13, -47.70, -47.06, -47.13, -46.12, -45.14, -44.26, -44.18, -41.70, -42.44, -40.33, -40.74, -39.76, -38.60, -38.51, -39.19, -38.40, -39.11, -38.97, -39.65, -40.02, -39.82, -40.54, -42.16, -43.01, -43.32, -45.06, -44.58, -45.38, -45.86, -46.34, -45.11, -46.09, -46.27, -46.62, -46.40, -46.80, -46.15, -46.40, -46.24, -46.27, -47.00, -45.92, -47.14, -47.14, -47.25, -46.69, -46.95, -46.69, -46.52, -47.03, -46.81, -46.77, -46.23, -46.45, -46.65, -46.74, -46.72, -47.09, -46.73, -47.81, -46.93, -48.02, -47.15, -47.46, -47.32, -46.56, -48.05, -47.38, -46.84, -47.35, -47.26, -46.75, -47.89, -47.56, -47.63, -47.31, -47.57, -47.65, -47.36, -47.39, -46.91, -46.03, -46.53, -46.74, -46.78, -46.40, -46.41, -46.64, -44.81, -44.36, -46.94, -46.08, -46.29, -47.51, -47.37, -46.14, -46.24, -47.77, -47.26, -47.78, -46.33, -46.47, -46.83, -46.57, -46.86, -46.67, -46.79, -47.77, -45.98, -47.27, -47.31, -46.24, -46.83, -46.85, -46.40, -46.98, -47.07, -47.39, -47.55, -47.38, -47.04, -47.25, -46.51, -47.13, -46.47, -45.67, -46.99, -46.46, -46.20, -47.49, -47.08, -47.17, -46.20, -46.54, -46.26, -47.02, -46.34, -47.03, -46.03, -46.37, -46.70, -47.49, -46.67, -46.24, -46.31, -46.38, -46.47, -47.13, -46.08, -46.91, -46.44, -46.05, -46.16, -47.03, -46.03, -46.09, -46.88, -46.65, -46.47, -46.31, -45.95, -45.92, -44.65, -40.69, -40.13, -40.04, -39.85, -39.99, -40.13, -39.17, -39.15, -39.83, -39.67, -39.49, -39.62, -39.84, -40.16, -39.91, -42.53, -44.29, -43.98, -43.28, -44.02, -42.72, -42.43, -41.16, -39.04, -36.52, -35.00, -34.60, -32.41, -30.95, -27.78, -24.43, -24.43, -23.36, -24.07, -23.07, -23.14, -22.65, -22.43, -21.47, -23.91, -23.76, -26.79, -26.53, -28.49, -32.05, -32.12, -31.80, -33.42, -31.81, -35.08, -38.93, -39.91, -42.52, -42.81, -44.93, -44.34, -43.97, -42.74, -39.98, -39.68, -40.01, -39.95, -39.25, -40.60, -40.04, -40.19, -39.96, -40.21, -40.56, -40.10, -40.63, -40.35, -40.62, -43.01, -46.00, -45.85, -46.26, -46.88, -46.30, -46.00, -46.25, -46.26, -45.88, -45.67, -46.81, -46.36, -47.39, -46.06, -46.87, -47.81, -46.61, -46.16, -46.03, -46.48, -46.69, -47.21, -47.72, -46.77, -47.24, -47.12, -46.44, -46.99, -46.58, -47.43, -46.58, -46.31, -47.14, -46.23, -47.39, -46.72, -46.31, -46.43, -46.33, -46.99, -46.42, -46.66, -46.40, -46.20, -47.22, -46.81, -46.91, -47.30, -46.47, -46.22, -46.71, -46.98, -47.09, -47.04, -47.67, -46.76, -47.26, -47.36, -46.51, -47.71, -47.03, -46.97, -46.18, -47.10, -47.81, -47.29, -46.84, -47.14, -46.64, -47.80, -46.87, -47.64, -46.26, -46.99, -47.57, -47.34, -47.74, -47.70, -47.78, -47.45, -47.46, -47.37, -47.88, -47.51, -47.73, -47.72, -47.60, -47.91, -46.99, -46.94, -48.31, -47.95, -46.79, -47.04, -46.38, -47.26, -46.60, -46.34, -47.60, -47.05, -46.64, -47.33, -46.56, -46.93, -47.05, -47.10, -44.63, -45.06, -43.82, -43.69, -42.05, -40.73, -41.20, -41.57, -41.44, -42.33, -46.37, -46.89, -46.64, -47.27, -47.97, -46.82, -46.93, -47.37, -47.22, -47.12, -48.07, -47.24, -46.93, -47.06, -46.94, -47.86, -47.79, -47.71, -48.38, -48.22, -48.27, -47.38, -48.21, -48.94, -48.84, -48.05, -48.67, -48.78, -48.84, -48.35, -47.36, -47.79, -48.02, -48.81, -49.00, -48.24, -49.00, -47.59, -47.32, -47.67, -48.15, -48.41, -48.65, -48.33, -48.93, -48.93
2026-10-01, 16:50:53, 105779404, 107998370, 5425.35, 96, -47.76, -48.49, -48.57, -48.14, -49.04, -48.62, -48.12, -48.65, -48.39, -49.06, -48.14, -48.57, -48.61, -47.83, -48.31, -48.08, -48.17, -48.97, -48.58, -47.92, -48.28, -48.73, -48.31, -47.65, -47.82, -47.75, -46.95, -47.73, -47.87, -48.17, -47.97, -46.68, -48.20, -47.31, -47.89, -47.38, -46.70, -46.73, -45.68, -46.97, -47.69, -48.01, -47.39, -47.08, -47.14, -47.34, -47.70, -47.77, -46.69, -47.25, -46.57, -46.73, -46.87, -47.52, -47.32, -47.23, -47.09, -47.29, -45.93, -47.58, -47.10, -47.16, -46.35, -48.00, -47.42, -47.33, -46.83, -47.38, -47.37, -47.26, -47.23, -47.69, -47.85, -46.96, -47.15, -47.08, -47.53, -46.64, -47.20, -47.63, -47.28, -46.95, -47.22, -48.09, -47.58, -46.93, -46.70, -45.58, -47.96, -46.28, -47.40, -47.01, -47.70, -46.02, -46.66, -45.73, -46.92, -46.03, -46.41, -46.69, -46.57, -46.44, -46.40, -46.24, -46.94, -46.54, -46.92, -47.42, -46.34, -46.73, -45.86, -47.45, -47.25, -46.56, -46.63, -46.90, -47.06, -46.50, -46.84, -46.83, -47.20, -47.37, -46.64, -45.81, -47.44, -47.60, -46.93, -46.78, -46.63, -46.11, -46.78, -46.00, -46.89, -46.63, -47.00, -45.20, -47.34, -46.95, -47.11, -47.05, -47.90, -46.69, -46.97, -47.20, -46.93, -46.81, -47.58, -46.68, -46.89, -46.40, -45.71, -46.80, -47.06, -45.94, -47.03, -46.48, -46.83, -46.14, -47.03, -47.11, -46.22, -45.72, -46.89, -46.41, -45.99, -46.51, -46.21, -45.52, -46.77, -45.56, -44.67, -40.93, -40.92, -41.77, -40.40, -40.74, -41.39, -40.49, -41.26, -40.82, -40.22, -40.62, -40.57, -40.91, -43.33, -43.79, -43.34, -44.23, -42.08, -42.58, -39.79, -38.53, -36.13, -34.75, -32.32, -30.69, -28.65, -27.11, -24.82, -24.32, -24.28, -24.06, -25.70, -25.04, -25.12, -25.67, -25.67, -26.36, -25.26, -26.32, -26.03, -26.60, -26.53, -27.49, -27.54, -29.15, -29.38, -31.79, -31.64, -32.99, -34.08, -37.16, -38.70, -40.60, -42.10, -43.00, -44.18, -44.20, -44.34, -44.83, -44.00, -40.84, -39.89, -39.19, -39.96, -39.02, -39.99, -39.33, -39.51, -39.72, -39.73, -40.47, -40.31, -39.88, -43.25, -45.15, -47.05, -46.40, -47.44, -47.05, -47.54, -47.51, -47.02, -46.50, -47.14, -46.04, -47.58, -46.75, -47.01, -47.20, -47.82, -47.26, -46.85, -47.34, -46.96, -47.34, -48.30, -47.65, -47.79, -47.00, -47.86, -46.40, -47.48, -46.40, -46.82, -45.93, -45.49, -45.42, -44.74, -44.26, -44.11, -43.93, -43.46, -45.14, -45.01, -45.53, -45.62, -45.82, -45.92, -46.84, -45.82, -47.01, -46.80, -46.73, -47.09, -46.52, -47.29, -47.46, -48.06, -48.10, -47.92, -48.16, -47.54, -47.78, -47.46, -47.34, -47.46, -47.11, -47.18, -48.40, -46.87, -47.54, -47.18, -47.03, -47.16, -47.10, -47.87, -45.80, -46.65, -47.15, -47.58, -41.55, -47.49, -47.93, -47.38, -47.48, -47.40, -46.97, -47.03, -46.82, -47.64, -47.21, -46.63, -46.78, -46.23, -46.14, -44.87, -44.90, -43.60, -42.45, -40.78, -38.45, -37.78, -34.81, -34.09, -32.20, -32.13, -31.84, -31.08, -30.97, -30.85, -30.27, -30.73, -30.28, -29.82, -30.38, -30.83, -30.64, -31.22, -30.85, -33.07, -32.66, -33.71, -34.90, -35.11, -36.52, -37.71, -39.92, -41.77, -42.97, -44.49, -45.29, -45.95, -45.62, -46.93, -46.57, -47.09, -46.55, -46.58, -47.14, -47.58, -47.55, -47.36, -46.93, -47.17, -47.36, -47.28, -46.89, -47.90, -48.08, -47.52, -47.62, -48.06, -47.28, -48.56, -47.48, -47.36, -48.24, -48.09, -47.50, -48.31, -48.22, -49.04, -47.94, -48.52, -48.39, -47.17, -48.73, -47.95, -48.54, -48.54
